# Time-averaged data for fix fxOutput
# TimeStep c_0 c_2[1] c_2[2]
0 -220.909 -0.652959 -12.7492
50 -220.508 -1.05474 -12.23
100 -220.223 -1.33896 -11.7207
150 -219.888 -1.61531 -11.0666
200 -219.586 -1.80391 -10.3564
250 -219.327 -1.91342 -9.5873
300 -219.096 -1.95218 -8.74159
350 -218.891 -1.91753 -7.82255
400 -218.717 -1.81698 -6.82959
450 -218.572 -1.65452 -5.76023
500 -218.457 -1.43365 -4.61666
550 -218.373 -1.16161 -3.40173
600 -218.318 -0.845161 -2.12227
650 -218.295 -0.491464 -0.786986
700 -218.303 -0.103446 0.591133
750 -218.342 0.31698 1.99726
800 -218.413 0.76332 3.41521
850 -218.514 1.23534 4.82418
900 -218.642 1.73163 6.20398
950 -218.798 2.24755 7.53354
1000 -218.977 2.78452 8.79246
1050 -219.176 3.34034 9.95964
1100 -219.391 3.91158 11.0181
1150 -219.618 4.49448 11.9526
1200 -219.852 5.08575 12.7508
1250 -220.087 5.67961 13.4048
1300 -220.321 6.26752 13.9107
1350 -220.547 6.84127 14.2679
1400 -220.762 7.3913 14.4819
1450 -220.962 7.90555 14.56
1500 -221.144 8.37336 14.5131
1550 -221.307 8.78124 14.356
1600 -221.449 9.1177 14.1036
1650 -221.57 9.37072 13.7725
1700 -221.672 9.53096 13.3796
1750 -221.756 9.58904 12.9411
1800 -221.825 9.5384 12.4698
1850 -221.882 9.37465 11.9792
1900 -221.931 9.09794 11.4766
1950 -221.976 8.70976 10.9679
2000 -222.02 8.2155 10.4546
2050 -222.067 7.62311 9.93514
2100 -222.12 6.94396 9.40432
2150 -222.181 6.19322 8.85393
2200 -222.253 5.38576 8.27466
2250 -222.335 4.53984 7.65394
2300 -222.428 3.6757 6.98143
2350 -222.529 2.8116 6.24449
2400 -222.636 1.96617 5.4328
2450 -222.744 1.15985 4.53837
2500 -222.851 0.407953 3.5561
2550 -222.949 -0.272816 2.48511
2600 -223.034 -0.872753 1.32744
2650 -223.099 -1.37939 0.0902355
2700 -223.139 -1.78688 -1.21457
2750 -223.148 -2.09164 -2.57302
2800 -223.12 -2.29395 -3.96411
2850 -223.052 -2.39519 -5.3679
2900 -222.939 -2.39959 -6.75691
2950 -222.779 -2.31607 -8.10747
3000 -222.571 -2.1534 -9.39153
3050 -222.314 -1.92277 -10.5834
3100 -222.01 -1.63549 -11.6587
3150 -221.661 -1.30389 -12.5952
3200 -221.271 -0.940921 -13.3744
3250 -220.844 -0.55744 -13.9821
3300 -220.385 -0.167094 -14.4076
3350 -219.902 0.220899 -14.6442
3400 -219.399 0.597769 -14.6928
3450 -218.885 0.954672 -14.5558
3500 -218.365 1.2821 -14.2421
3550 -217.847 1.57517 -13.7632
3600 -217.337 1.83149 -13.134
3650 -216.841 2.04336 -12.3707
3700 -216.366 2.2053 -11.4917
3750 -215.916 2.31694 -10.5158
3800 -215.497 2.37425 -9.46151
3850 -215.113 2.37352 -8.34666
3900 -214.768 2.31131 -7.18673
3950 -214.465 2.18474 -5.99581
4000 -214.208 1.99091 -4.78535
4050 -214 1.7276 -3.56465
4100 -213.844 1.39082 -2.34129
4150 -213.742 0.980916 -1.11984
4200 -213.697 0.496715 0.0963591
4250 -213.712 -0.061482 1.30355
4300 -213.789 -0.689767 2.50109
4350 -213.93 -1.38531 3.68476
4400 -214.138 -2.14037 4.85334
4450 -214.412 -2.94694 5.99934
4500 -214.755 -3.79311 7.1181
4550 -215.167 -4.66525 8.19912
4600 -215.647 -5.54892 9.23156
4650 -216.192 -6.42444 10.2005
4700 -216.801 -7.27528 11.0909
4750 -217.468 -8.079 11.8832
4800 -218.189 -8.81821 12.5589
4850 -218.955 -9.46985 13.0978
4900 -219.758 -10.0181 13.4816
4950 -220.59 -10.4442 13.6896
5000 -221.438 -10.7359 13.7082
5050 -222.292 -10.8795 13.5227
5100 -223.138 -10.87 13.1255
5150 -223.964 -10.7034 12.5112
5200 -224.757 -10.3798 11.6815
5250 -225.503 -9.90634 10.6408
5300 -226.192 -9.29408 9.40212
5350 -226.811 -8.5571 7.98194
5400 -227.35 -7.71123 6.40247
5450 -227.802 -6.77945 4.69092
5500 -228.16 -5.78629 2.87563
5550 -228.419 -4.75912 0.991032
5600 -228.576 -3.72273 -0.929572
5650 -228.631 -2.70156 -2.8498
5700 -228.586 -1.72315 -4.73549
5750 -228.445 -0.815061 -6.5539
5800 -228.213 0.00618557 -8.27363
5850 -227.897 0.723199 -9.86883
5900 -227.507 1.31937 -11.3178
5950 -227.052 1.7838 -12.6006
6000 -226.543 2.11336 -13.7055
6050 -225.99 2.30691 -14.6243
6100 -225.406 2.36657 -15.354
6150 -224.8 2.30089 -15.8951
6200 -224.184 2.11987 -16.2541
6250 -223.568 1.83846 -16.4396
6300 -222.959 1.47219 -16.4626
6350 -222.368 1.03959 -16.3342
6400 -221.8 0.558655 -16.069
6450 -221.261 0.0488731 -15.6809
6500 -220.756 -0.471107 -15.1814
6550 -220.288 -0.984071 -14.5829
6600 -219.859 -1.47448 -13.8949
6650 -219.473 -1.92767 -13.1248
6700 -219.129 -2.33305 -12.2787
6750 -218.829 -2.68037 -11.3604
6800 -218.571 -2.96383 -10.3731
6850 -218.357 -3.17922 -9.31779
6900 -218.186 -3.32314 -8.19516
6950 -218.058 -3.39583 -7.00514
7000 -217.971 -3.39981 -5.75089
7050 -217.927 -3.33606 -4.43357
7100 -217.923 -3.20811 -3.05775
7150 -217.961 -3.01954 -1.63083
7200 -218.039 -2.77483 -0.162483
7250 -218.156 -2.47628 1.33677
7300 -218.312 -2.12758 2.85139
7350 -218.504 -1.73128 4.36326
7400 -218.731 -1.29195 5.85442
7450 -218.99 -0.808582 7.30347
7500 -219.277 -0.284026 8.68915
7550 -219.589 0.278254 9.9893
7600 -219.921 0.876658 11.1836
7650 -220.268 1.50758 12.2523
7700 -220.624 2.16805 13.1798
7750 -220.984 2.85204 13.9515
7800 -221.341 3.55455 14.5582
7850 -221.689 4.26687 14.9945
7900 -222.022 4.97926 15.2593
7950 -222.334 5.68342 15.3565
8000 -222.621 6.36506 15.293
8050 -222.88 7.01319 15.0813
8100 -223.105 7.61422 14.7361
8150 -223.296 8.15459 14.2753
8200 -223.452 8.62153 13.7183
8250 -223.572 9.00275 13.0852
8300 -223.657 9.28802 12.3966
8350 -223.71 9.46818 11.6709
8400 -223.735 9.53731 10.9259
8450 -223.734 9.49059 10.1763
8500 -223.713 9.32811 9.43284
8550 -223.675 9.05128 8.70387
8600 -223.625 8.66678 7.99301
8650 -223.569 8.18236 7.29979
8700 -223.509 7.60994 6.62258
8750 -223.45 6.96305 5.95387
8800 -223.393 6.25775 5.28499
8850 -223.341 5.51149 4.60599
8900 -223.294 4.74272 3.90511
8950 -223.252 3.97111 3.17273
9000 -223.213 3.21173 2.39888
9050 -223.175 2.48415 1.57552
9100 -223.134 1.80406 0.697591
9150 -223.087 1.18517 -0.235159
9200 -223.03 0.63741 -1.22327
9250 -222.958 0.171487 -2.25854
9300 -222.866 -0.20803 -3.33256
9350 -222.751 -0.497172 -4.43009
9400 -222.607 -0.697182 -5.53563
9450 -222.433 -0.808263 -6.62828
9500 -222.226 -0.83795 -7.68707
9550 -221.984 -0.790519 -8.689
9600 -221.707 -0.674778 -9.61238
9650 -221.396 -0.500288 -10.4336
9700 -221.052 -0.275388 -11.1332
9750 -220.678 -0.0113946 -11.694
9800 -220.278 0.281213 -12.1016
9850 -219.855 0.595876 -12.3457
9900 -219.415 0.922608 -12.4214
9950 -218.964 1.25237 -12.327
10000 -218.506 1.5792 -12.065
10050 -218.048 1.89839 -11.6433
10100 -217.595 2.20446 -11.0731
10150 -217.152 2.49156 -10.3688
10200 -216.723 2.75625 -9.54694
10250 -216.315 2.99484 -8.62616
10300 -215.93 3.20453 -7.62509
10350 -215.572 3.38024 -6.56272
10400 -215.244 3.51733 -5.45702
10450 -214.95 3.61018 -4.32517
10500 -214.69 3.65414 -3.18165
10550 -214.468 3.6433 -2.03809
10600 -214.285 3.57222 -0.90469
10650 -214.144 3.43368 0.211819
10700 -214.046 3.22046 1.30679
10750 -213.993 2.92949 2.37717
10800 -213.988 2.55545 3.42288
10850 -214.034 2.09485 4.44259
10900 -214.131 1.54771 5.43687
10950 -214.283 0.913574 6.40582
11000 -214.492 0.198458 7.3471
11050 -214.759 -0.592085 8.25817
11100 -215.087 -1.44871 9.13332
11150 -215.476 -2.35914 9.96468
11200 -215.927 -3.30713 10.7417
11250 -216.438 -4.27622 11.4519
11300 -217.007 -5.24543 12.0798
11350 -217.631 -6.19396 12.6078
11400 -218.305 -7.09946 13.0184
11450 -219.022 -7.93977 13.2918
11500 -219.775 -8.69292 13.4104
11550 -220.555 -9.3387 13.3572
11600 -221.353 -9.85982 13.1173
11650 -222.154 -10.2397 12.6795
11700 -222.949 -10.4684 12.0359
11750 -223.725 -10.5383 11.1854
11800 -224.468 -10.4465 10.1292
11850 -225.166 -10.1944 8.876
11900 -225.807 -9.78918 7.43912
11950 -226.379 -9.24332 5.83736
12000 -226.874 -8.57122 4.09386
