# Time-averaged data for fix fxOutput
# TimeStep c_0 c_2[1] c_2[2]
0 -220.909 -0.652959 -12.7492
50 -220.25 -1.29698 -12.6954
100 -219.72 -1.82942 -12.4377
150 -219.091 -2.41829 -11.899
200 -218.496 -2.97964 -11.139
250 -217.956 -3.51071 -10.1754
300 -217.464 -4.02592 -9.00956
350 -217.028 -4.526 -7.6689
400 -216.661 -5.01132 -6.17942
450 -216.368 -5.48458 -4.56802
500 -216.154 -5.94573 -2.86398
550 -216.023 -6.3978 -1.0992
600 -215.979 -6.83931 0.695286
650 -216.02 -7.26987 2.4861
700 -216.148 -7.68629 4.23975
750 -216.359 -8.08746 5.92577
800 -216.649 -8.46839 7.51167
850 -217.012 -8.82593 8.96889
900 -217.442 -9.15356 10.2687
950 -217.93 -9.4467 11.3847
1000 -218.467 -9.69864 12.295
1050 -219.042 -9.90482 12.9795
1100 -219.645 -10.0594 13.4227
1150 -220.262 -10.1568 13.6108
1200 -220.881 -10.1922 13.5366
1250 -221.49 -10.1627 13.1983
1300 -222.075 -10.0654 12.5974
1350 -222.625 -9.89815 11.7415
1400 -223.128 -9.66151 10.6435
1450 -223.572 -9.35699 9.32287
1500 -223.947 -8.98538 7.80407
1550 -224.246 -8.54951 6.11658
1600 -224.459 -8.05613 4.29603
1650 -224.583 -7.51006 2.38151
1700 -224.613 -6.91686 0.415539
1750 -224.55 -6.28421 -1.55668
1800 -224.394 -5.62104 -3.48771
1850 -224.148 -4.93474 -5.32962
1900 -223.818 -4.23224 -7.03631
1950 -223.412 -3.52266 -8.56367
2000 -222.94 -2.81508 -9.87045
2050 -222.413 -2.11415 -10.9217
2100 -221.845 -1.42726 -11.6873
2150 -221.251 -0.762503 -12.1433
2200 -220.645 -0.121929 -12.2749
2250 -220.045 0.488823 -12.0763
2300 -219.465 1.06722 -11.5485
2350 -218.922 1.61009 -10.7026
2400 -218.432 2.11702 -9.55641
2450 -218.007 2.58752 -8.13794
2500 -217.66 3.02161 -6.48056
2550 -217.403 3.42109 -4.62647
2600 -217.242 3.7864 -2.62055
2650 -217.185 4.11993 -0.512958
2700 -217.235 4.42415 1.64474
2750 -217.394 4.70179 3.79786
2800 -217.658 4.95331 5.89379
2850 -218.025 5.18169 7.88124
2900 -218.488 5.38945 9.71095
2950 -219.038 5.57664 11.3397
3000 -219.663 5.74479 12.7277
3050 -220.351 5.89381 13.8426
3100 -221.087 6.02328 14.6577
3150 -221.857 6.13364 15.1543
3200 -222.644 6.22295 15.3218
3250 -223.431 6.2896 15.1564
3300 -224.202 6.33271 14.6617
3350 -224.941 6.34866 13.8481
3400 -225.632 6.33707 12.734
3450 -226.26 6.29485 11.3432
3500 -226.813 6.22018 9.70418
3550 -227.28 6.11054 7.85209
3600 -227.65 5.96623 5.82496
3650 -227.915 5.78562 3.66181
3700 -228.07 5.56835 1.40785
3750 -228.11 5.3141 -0.893029
3800 -228.036 5.02495 -3.19759
3850 -227.847 4.70258 -5.45999
3900 -227.547 4.34845 -7.63932
3950 -227.14 3.9676 -9.69472
4000 -226.633 3.56376 -11.5893
4050 -226.035 3.14117 -13.29
4100 -225.358 2.70461 -14.7675
4150 -224.61 2.26165 -15.9982
4200 -223.805 1.8175 -16.9635
4250 -222.958 1.37746 -17.6497
4300 -222.082 0.948663 -18.0494
4350 -221.191 0.536981 -18.1606
4400 -220.299 0.148638 -17.9869
4450 -219.421 -0.211614 -17.5357
4500 -218.569 -0.538411 -16.8213
4550 -217.758 -0.829148 -15.8609
4600 -216.997 -1.0783 -14.6769
4650 -216.299 -1.28648 -13.2923
4700 -215.672 -1.45079 -11.7355
4750 -215.125 -1.57079 -10.0354
4800 -214.665 -1.64959 -8.22244
4850 -214.295 -1.686 -6.32799
4900 -214.021 -1.68459 -4.38405
4950 -213.844 -1.64868 -2.42139
5000 -213.764 -1.58244 -0.470549
5050 -213.78 -1.49092 1.43738
5100 -213.89 -1.37864 3.27599
5150 -214.088 -1.25145 5.01676
5200 -214.371 -1.11497 6.63462
5250 -214.732 -0.974553 8.10675
5300 -215.162 -0.833968 9.41345
5350 -215.653 -0.698495 10.5332
5400 -216.195 -0.571849 11.4511
5450 -216.778 -0.456911 12.1535
5500 -217.39 -0.355675 12.6289
5550 -218.021 -0.269578 12.8706
5600 -218.658 -0.19863 12.8745
5650 -219.289 -0.141967 12.6392
5700 -219.904 -0.0997107 12.1695
5750 -220.489 -0.0690024 11.4731
5800 -221.034 -0.0485807 10.5631
5850 -221.53 -0.0325033 9.45654
5900 -221.966 -0.0195405 8.17581
5950 -222.335 -0.00612437 6.74668
6000 -222.631 0.00684654 5.20061
6050 -222.847 0.0281694 3.57221
6100 -222.983 0.0578463 1.89694
6150 -223.035 0.0964235 0.215955
6200 -223.005 0.144732 -1.42961
6250 -222.896 0.202313 -2.99885
6300 -222.713 0.269073 -4.45251
6350 -222.462 0.342886 -5.74986
6400 -222.152 0.420331 -6.85784
6450 -221.793 0.498032 -7.74354
6500 -221.397 0.572516 -8.38145
6550 -220.976 0.636023 -8.75166
6600 -220.545 0.686149 -8.84074
6650 -220.116 0.717386 -8.64253
6700 -219.704 0.724652 -8.15686
6750 -219.323 0.701374 -7.3947
6800 -218.986 0.644967 -6.37081
6850 -218.705 0.552572 -5.10855
6900 -218.49 0.422 -3.63828
6950 -218.352 0.250412 -1.99431
7000 -218.298 0.0395849 -0.216874
7050 -218.334 -0.209185 1.64986
7100 -218.461 -0.493194 3.55993
7150 -218.681 -0.807103 5.46573
7200 -218.993 -1.14784 7.31948
7250 -219.392 -1.50799 9.07446
7300 -219.873 -1.87851 10.6865
7350 -220.428 -2.25268 12.1136
7400 -221.045 -2.62116 13.3196
7450 -221.715 -2.97631 14.2722
7500 -222.423 -3.31041 14.9458
7550 -223.155 -3.61299 15.3195
7600 -223.897 -3.87851 15.3808
7650 -224.632 -4.10116 15.1229
7700 -225.345 -4.27479 14.5467
7750 -226.021 -4.39591 13.6592
7800 -226.646 -4.46222 12.4757
7850 -227.204 -4.47477 11.0147
7900 -227.684 -4.43173 9.30434
7950 -228.074 -4.33525 7.37556
8000 -228.364 -4.19114 5.26682
8050 -228.547 -4.00326 3.0172
8100 -228.617 -3.77493 0.671679
8150 -228.572 -3.51313 -1.724
8200 -228.409 -3.2278 -4.1211
8250 -228.13 -2.92227 -6.47203
8300 -227.739 -2.60168 -8.72852
8350 -227.241 -2.27433 -10.8446
8400 -226.646 -1.94744 -12.7786
8450 -225.962 -1.62095 -14.4904
8500 -225.202 -1.29924 -15.9453
8550 -224.378 -0.987137 -17.1146
8600 -223.506 -0.683461 -17.9755
8650 -222.602 -0.386283 -18.5126
8700 -221.68 -0.0958833 -18.7171
8750 -220.758 0.188192 -18.5872
8800 -219.852 0.472521 -18.1288
8850 -218.979 0.761409 -17.3548
8900 -218.152 1.0553 -16.2848
8950 -217.386 1.36079 -14.944
9000 -216.694 1.68251 -13.3642
9050 -216.087 2.02304 -11.5793
9100 -215.573 2.38307 -9.62933
9150 -215.162 2.76729 -7.55614
9200 -214.856 3.17504 -5.40168
9250 -214.661 3.60477 -3.21002
9300 -214.576 4.05456 -1.02435
9350 -214.6 4.52126 1.11331
9400 -214.731 4.99886 3.16382
9450 -214.963 5.48112 5.0901
9500 -215.288 5.95978 6.8588
9550 -215.7 6.42824 8.44123
9600 -216.187 6.8755 9.81234
9650 -216.738 7.29358 10.952
9700 -217.343 7.67225 11.8445
9750 -217.986 8.00224 12.4795
9800 -218.656 8.27538 12.8522
9850 -219.34 8.48516 12.9603
9900 -220.023 8.62371 12.8083
9950 -220.693 8.68722 12.4034
10000 -221.337 8.67292 11.758
10050 -221.944 8.57975 10.8881
10100 -222.501 8.40645 9.81368
10150 -222.999 8.15612 8.55669
10200 -223.43 7.83279 7.14363
10250 -223.786 7.44157 5.60374
10300 -224.061 6.9892 3.96734
10350 -224.251 6.48277 2.26663
10400 -224.353 5.93044 0.535243
10450 -224.366 5.34162 -1.19079
10500 -224.292 4.72497 -2.87862
10550 -224.132 4.08936 -4.49305
10600 -223.893 3.44269 -6.00202
10650 -223.579 2.79316 -7.37407
10700 -223.197 2.14533 -8.58179
10750 -222.756 1.50641 -9.60025
10800 -222.268 0.880436 -10.4073
10850 -221.742 0.270928 -10.9863
10900 -221.19 -0.321949 -11.3248
10950 -220.624 -0.89788 -11.4154
11000 -220.057 -1.45624 -11.2554
11050 -219.501 -1.99929 -10.8481
11100 -218.968 -2.52854 -10.2001
11150 -218.47 -3.04701 -9.32576
11200 -218.017 -3.55829 -8.24054
11250 -217.621 -4.06342 -6.9662
11300 -217.289 -4.56688 -5.52879
11350 -217.029 -5.06961 -3.95543
11400 -216.846 -5.57257 -2.27798
11450 -216.747 -6.07606 -0.528759
11500 -216.732 -6.57808 1.25717
11550 -216.803 -7.07783 3.04463
11600 -216.96 -7.5727 4.79808
11650 -217.199 -8.05638 6.48333
11700 -217.518 -8.52483 8.06526
11750 -217.909 -8.97056 9.51214
11800 -218.366 -9.38728 10.7935
11850 -218.879 -9.76792 11.8826
11900 -219.438 -10.1031 12.7551
11950 -220.035 -10.3873 13.3897
12000 -220.654 -10.614 13.7705
