# Time-averaged data for fix fxOutput
# TimeStep c_0 c_2[1] c_2[2]
0 -220.909 -0.652959 -12.7492
50 -220.254 -1.2893 -12.7651
100 -219.722 -1.81723 -12.5699
150 -219.084 -2.4008 -12.1051
200 -218.472 -2.95644 -11.4217
250 -217.909 -3.48125 -10.5353
300 -217.387 -3.98484 -9.44868
350 -216.913 -4.46599 -8.18863
400 -216.5 -4.9246 -6.78059
450 -216.155 -5.36066 -5.24914
500 -215.881 -5.77516 -3.62328
550 -215.684 -6.16661 -1.93148
600 -215.566 -6.53307 -0.204258
650 -215.529 -6.87577 1.52973
700 -215.572 -7.19122 3.23928
750 -215.695 -7.47727 4.89591
800 -215.893 -7.733 6.47128
850 -216.163 -7.95468 7.93938
900 -216.5 -8.13945 9.27487
950 -216.895 -8.28547 10.4548
1000 -217.343 -8.39044 11.4577
1050 -217.834 -8.44956 12.2658
1100 -218.36 -8.46388 12.8635
1150 -218.908 -8.42966 13.2384
1200 -219.469 -8.34696 13.3818
1250 -220.033 -8.21421 13.288
1300 -220.589 -8.03223 12.9572
1350 -221.123 -7.80078 12.3917
1400 -221.628 -7.52293 11.6004
1450 -222.092 -7.1987 10.596
1500 -222.505 -6.8309 9.39527
1550 -222.859 -6.42463 8.02232
1600 -223.148 -5.98292 6.50202
1650 -223.365 -5.50842 4.86747
1700 -223.505 -5.00864 3.15306
1750 -223.566 -4.48716 1.39641
1800 -223.547 -3.94908 -0.361336
1850 -223.449 -3.39998 -2.07923
1900 -223.275 -2.84723 -3.71585
1950 -223.031 -2.29619 -5.22996
2000 -222.722 -1.75376 -6.58223
2050 -222.359 -1.22361 -7.73723
2100 -221.95 -0.712823 -8.66448
2150 -221.508 -0.230881 -9.33535
2200 -221.044 0.222403 -9.73244
2250 -220.573 0.638638 -9.83839
2300 -220.108 1.01227 -9.65128
2350 -219.663 1.34185 -9.1706
2400 -219.251 1.61929 -8.40391
2450 -218.885 1.84564 -7.3693
2500 -218.578 2.01663 -6.08982
2550 -218.34 2.12947 -4.59351
2600 -218.18 2.18722 -2.91766
2650 -218.104 2.18741 -1.10131
2700 -218.119 2.13187 0.811815
2750 -218.228 2.02232 2.7761
2800 -218.43 1.86408 4.74393
2850 -218.726 1.65995 6.66713
2900 -219.111 1.41533 8.50057
2950 -219.58 1.13596 10.2003
3000 -220.124 0.829061 11.7247
3050 -220.734 0.50137 13.0375
3100 -221.398 0.161333 14.1075
3150 -222.105 -0.18648 14.9082
3200 -222.84 -0.529543 15.4201
3250 -223.589 -0.865136 15.6288
3300 -224.338 -1.18394 15.5275
3350 -225.07 -1.47927 15.1157
3400 -225.772 -1.74491 14.3985
3450 -226.429 -1.97795 13.3877
3500 -227.028 -2.17535 12.1011
3550 -227.556 -2.33121 10.5616
3600 -228.002 -2.44568 8.79641
3650 -228.356 -2.51686 6.83886
3700 -228.611 -2.54937 4.72374
3750 -228.759 -2.54039 2.49005
3800 -228.797 -2.49273 0.17999
3850 -228.723 -2.41067 -2.16377
3900 -228.536 -2.29754 -4.49817
3950 -228.238 -2.15801 -6.7781
4000 -227.833 -1.99057 -8.96121
4050 -227.328 -1.80729 -11.0058
4100 -226.729 -1.60737 -12.8725
4150 -226.047 -1.39026 -14.5265
4200 -225.293 -1.16278 -15.9354
4250 -224.48 -0.927096 -17.0725
4300 -223.621 -0.683081 -17.9165
4350 -222.73 -0.428584 -18.4514
4400 -221.825 -0.165185 -18.6673
4450 -220.92 0.10777 -18.5619
4500 -220.031 0.392678 -18.1375
4550 -219.173 0.693776 -17.4046
4600 -218.36 1.01184 -16.3789
4650 -217.608 1.34756 -15.0819
4700 -216.927 1.70547 -13.5415
4750 -216.331 2.08751 -11.7898
4800 -215.828 2.49247 -9.86141
4850 -215.426 2.92158 -7.79691
4900 -215.132 3.375 -5.63699
4950 -214.949 3.85049 -3.42426
5000 -214.878 4.34485 -1.20274
5050 -214.92 4.85336 0.984865
5100 -215.073 5.37231 3.09661
5150 -215.33 5.89497 5.09363
5200 -215.687 6.41308 6.93841
5250 -216.134 6.91989 8.5988
5300 -216.662 7.40622 10.0437
5350 -217.26 7.86303 11.2509
5400 -217.915 8.28201 12.1995
5450 -218.613 8.65354 12.8754
5500 -219.342 8.9709 13.2696
5550 -220.085 9.22568 13.3785
5600 -220.829 9.41146 13.2036
5650 -221.56 9.52344 12.7519
5700 -222.262 9.55746 12.0356
5750 -222.924 9.51063 11.071
5800 -223.532 9.38401 9.8796
5850 -224.076 9.1762 8.48616
5900 -224.545 8.89062 6.91948
5950 -224.931 8.53052 5.21029
6000 -225.226 8.10038 3.39332
6050 -225.427 7.60812 1.50444
6100 -225.53 7.05803 -0.420504
6150 -225.533 6.46064 -2.34398
6200 -225.437 5.82302 -4.2289
6250 -225.245 5.15321 -6.04068
6300 -224.959 4.46129 -7.74414
6350 -224.587 3.75309 -9.30759
6400 -224.135 3.04086 -10.7037
6450 -223.614 2.3281 -11.9063
6500 -223.031 1.62494 -12.8945
6550 -222.399 0.935536 -13.6528
6600 -221.729 0.266198 -14.1689
6650 -221.032 -0.377216 -14.4352
6700 -220.322 -0.993005 -14.451
6750 -219.612 -1.57637 -14.2166
6800 -218.912 -2.12654 -13.7412
6850 -218.236 -2.6403 -13.0353
6900 -217.594 -3.11715 -12.1134
6950 -216.996 -3.55617 -10.9954
7000 -216.454 -3.95785 -9.70148
7050 -215.973 -4.32219 -8.25822
7100 -215.563 -4.64929 -6.6892
7150 -215.228 -4.93986 -5.02291
7200 -214.972 -5.19405 -3.2886
7250 -214.801 -5.4136 -1.51374
7300 -214.713 -5.5985 0.270029
7350 -214.711 -5.74917 2.03579
7400 -214.793 -5.86653 3.75522
7450 -214.955 -5.95172 5.4002
7500 -215.195 -6.00443 6.9444
7550 -215.507 -6.02429 8.36419
7600 -215.884 -6.01473 9.63558
7650 -216.32 -5.97378 10.7383
7700 -216.805 -5.90342 11.6533
7750 -217.331 -5.8046 12.3655
7800 -217.887 -5.67608 12.8605
7850 -218.463 -5.52111 13.1291
7900 -219.048 -5.33965 13.1654
7950 -219.632 -5.13298 12.9656
8000 -220.201 -4.9032 12.5335
8050 -220.747 -4.65012 11.8734
8100 -221.257 -4.37803 10.9974
8150 -221.723 -4.08567 9.92104
8200 -222.135 -3.77692 8.66491
8250 -222.484 -3.45271 7.25319
8300 -222.766 -3.11738 5.71659
8350 -222.974 -2.771 4.08765
8400 -223.104 -2.41728 2.4024
8450 -223.156 -2.06006 0.700583
8500 -223.129 -1.70116 -0.978074
8550 -223.027 -1.34647 -2.59302
8600 -222.851 -0.99649 -4.10243
8650 -222.609 -0.656824 -5.46959
8700 -222.31 -0.33407 -6.65815
8750 -221.959 -0.0296184 -7.6366
8800 -221.571 0.251033 -8.37676
8850 -221.156 0.501147 -8.85836
8900 -220.726 0.719024 -9.06516
8950 -220.296 0.898754 -8.99053
9000 -219.877 1.03407 -8.63297
9050 -219.484 1.12615 -7.99804
9100 -219.129 1.1648 -7.10096
9150 -218.822 1.15301 -5.95991
9200 -218.577 1.0865 -4.60196
9250 -218.401 0.963751 -3.05995
9300 -218.302 0.788106 -1.36964
9350 -218.287 0.557561 0.428609
9400 -218.357 0.277 2.29117
9450 -218.515 -0.0520967 4.17429
9500 -218.762 -0.421526 6.0322
9550 -219.093 -0.827148 7.82179
9600 -219.505 -1.26291 9.5002
9650 -219.99 -1.7179 11.0273
9700 -220.54 -2.18674 12.367
9750 -221.146 -2.65856 13.488
9800 -221.795 -3.12343 14.3625
9850 -222.476 -3.57275 14.9699
9900 -223.175 -3.99767 15.2936
9950 -223.878 -4.38883 15.3243
10000 -224.571 -4.73956 15.058
10050 -225.241 -5.04163 14.4961
10100 -225.873 -5.28917 13.6476
10150 -226.455 -5.47989 12.525
10200 -226.974 -5.60777 11.1472
10250 -227.419 -5.67271 9.5387
10300 -227.781 -5.67534 7.72771
10350 -228.05 -5.61601 5.74631
10400 -228.22 -5.49603 3.63083
10450 -228.286 -5.32032 1.42099
10500 -228.246 -5.09427 -0.843589
10550 -228.097 -4.8209 -3.11784
10600 -227.842 -4.50701 -5.35972
10650 -227.483 -4.15964 -7.52563
10700 -227.025 -3.78418 -9.57175
10750 -226.476 -3.38516 -11.4583
10800 -225.844 -2.96663 -13.147
10850 -225.141 -2.54115 -14.6028
10900 -224.377 -2.10337 -15.7965
10950 -223.567 -1.65997 -16.7017
11000 -222.726 -1.21659 -17.3007
11050 -221.867 -0.769816 -17.5805
11100 -221.008 -0.322162 -17.5335
11150 -220.164 0.126969 -17.1621
11200 -219.35 0.574487 -16.4732
11250 -218.582 1.02704 -15.4804
11300 -217.873 1.48446 -14.2059
11350 -217.237 1.94594 -12.6762
11400 -216.686 2.41388 -10.9237
11450 -216.229 2.89055 -8.9851
11500 -215.876 3.37517 -6.90147
11550 -215.631 3.86633 -4.71684
11600 -215.498 4.36383 -2.4767
11650 -215.48 4.86712 -0.226821
11700 -215.576 5.37015 1.98534
11750 -215.783 5.87088 4.11615
11800 -216.096 6.36424 6.1223
11850 -216.508 6.84437 7.96445
11900 -217.009 7.30567 9.60624
11950 -217.59 7.73977 11.0176
12000 -218.238 8.14142 12.1715
