# Time-averaged data for fix fxOutput
# TimeStep c_0 c_2[1] c_2[2]
0 -220.909 -0.652959 -12.7492
50 -220.903 -0.653719 -12.1077
100 -220.933 -0.608991 -11.5749
150 -220.926 -0.542102 -11.0094
200 -220.916 -0.427884 -10.4982
250 -220.909 -0.285914 -10.0488
300 -220.895 -0.128845 -9.66035
350 -220.873 0.0399078 -9.34021
400 -220.842 0.208672 -9.09367
450 -220.805 0.369923 -8.92328
500 -220.761 0.513958 -8.83055
550 -220.709 0.634031 -8.81827
600 -220.653 0.724339 -8.88491
650 -220.592 0.782399 -9.02838
700 -220.529 0.807413 -9.24733
750 -220.465 0.799611 -9.53653
800 -220.401 0.762347 -9.89155
850 -220.339 0.701395 -10.3067
900 -220.278 0.622048 -10.7739
950 -220.22 0.533596 -11.2863
1000 -220.166 0.443111 -11.8346
1050 -220.115 0.357865 -12.4103
1100 -220.066 0.285426 -13.0046
1150 -220.018 0.231769 -13.6071
1200 -219.971 0.200791 -14.208
1250 -219.924 0.194254 -14.798
1300 -219.875 0.213659 -15.3672
1350 -219.823 0.254981 -15.9076
1400 -219.767 0.315273 -16.4091
1450 -219.707 0.387957 -16.8656
1500 -219.642 0.46418 -17.2683
1550 -219.572 0.537817 -17.6118
1600 -219.498 0.598221 -17.8901
1650 -219.421 0.636474 -18.0989
1700 -219.343 0.645055 -18.2355
1750 -219.265 0.617272 -18.2974
1800 -219.188 0.549458 -18.284
1850 -219.117 0.436825 -18.1947
1900 -219.053 0.280697 -18.0318
1950 -218.997 0.082582 -17.7966
2000 -218.954 -0.152518 -17.4937
2050 -218.923 -0.415136 -17.128
2100 -218.907 -0.697559 -16.7035
2150 -218.906 -0.987795 -16.2281
2200 -218.92 -1.27329 -15.7076
2250 -218.951 -1.54156 -15.1499
2300 -218.994 -1.7807 -14.5641
2350 -219.05 -1.97989 -13.9583
2400 -219.116 -2.12689 -13.3416
2450 -219.19 -2.21525 -12.7227
2500 -219.269 -2.23986 -12.1097
2550 -219.348 -2.19823 -11.5136
2600 -219.426 -2.09022 -10.9404
2650 -219.498 -1.91985 -10.3994
2700 -219.562 -1.69391 -9.89878
2750 -219.614 -1.41757 -9.44321
2800 -219.653 -1.10554 -9.04102
2850 -219.677 -0.765619 -8.69589
2900 -219.685 -0.411881 -8.41306
2950 -219.675 -0.0569987 -8.1953
3000 -219.649 0.287692 -8.04443
3050 -219.606 0.612052 -7.96222
3100 -219.548 0.906849 -7.94851
3150 -219.476 1.16535 -8.00256
3200 -219.393 1.38282 -8.12163
3250 -219.299 1.55919 -8.30413
3300 -219.196 1.69232 -8.54536
3350 -219.088 1.78456 -8.84074
3400 -218.975 1.84011 -9.18445
3450 -218.858 1.8652 -9.57043
3500 -218.74 1.86517 -9.99154
3550 -218.621 1.84776 -10.4402
3600 -218.502 1.81879 -10.9093
3650 -218.384 1.78354 -11.3901
3700 -218.266 1.74633 -11.8751
3750 -218.149 1.70942 -12.3554
3800 -218.032 1.67399 -12.8233
3850 -217.916 1.64141 -13.2705
3900 -217.801 1.60696 -13.6901
3950 -217.686 1.56771 -14.0742
4000 -217.573 1.51628 -14.417
4050 -217.462 1.44644 -14.7117
4100 -217.354 1.35283 -14.9545
4150 -217.251 1.22848 -15.1402
4200 -217.155 1.06877 -15.2651
4250 -217.068 0.868439 -15.3279
4300 -216.991 0.623138 -15.3256
4350 -216.928 0.335869 -15.2587
4400 -216.881 0.00605071 -15.1271
4450 -216.85 -0.358689 -14.9316
4500 -216.839 -0.753702 -14.676
4550 -216.85 -1.16851 -14.3621
4600 -216.881 -1.59077 -13.9944
4650 -216.935 -2.00876 -13.5772
4700 -217.01 -2.40797 -13.1163
4750 -217.105 -2.77319 -12.6178
4800 -217.219 -3.09171 -12.0876
4850 -217.348 -3.35145 -11.5337
4900 -217.49 -3.53961 -10.9629
4950 -217.641 -3.64848 -10.3832
5000 -217.796 -3.67226 -9.80146
5050 -217.953 -3.60821 -9.22595
5100 -218.105 -3.45685 -8.66366
5150 -218.25 -3.22137 -8.12226
5200 -218.382 -2.90928 -7.60808
5250 -218.499 -2.53015 -7.1279
5300 -218.596 -2.09499 -6.68774
5350 -218.672 -1.6185 -6.293
5400 -218.725 -1.11341 -5.94688
5450 -218.753 -0.595473 -5.65448
5500 -218.756 -0.0803325 -5.41831
5550 -218.734 0.422519 -5.24086
5600 -218.689 0.896243 -5.12253
5650 -218.621 1.33501 -5.06446
5700 -218.533 1.72871 -5.06524
5750 -218.425 2.07356 -5.1242
5800 -218.302 2.36697 -5.23937
5850 -218.165 2.60798 -5.40577
5900 -218.016 2.79774 -5.62135
5950 -217.859 2.93996 -5.88055
6000 -217.695 3.0404 -6.17847
6050 -217.526 3.10397 -6.50973
6100 -217.354 3.13515 -6.86756
6150 -217.18 3.13937 -7.24499
6200 -217.005 3.12036 -7.63673
6250 -216.83 3.08187 -8.03383
6300 -216.657 3.024 -8.43035
6350 -216.487 2.94855 -8.81778
6400 -216.319 2.85328 -9.19027
6450 -216.157 2.73385 -9.5407
6500 -215.999 2.58763 -9.86259
6550 -215.849 2.40991 -10.1501
6600 -215.708 2.19583 -10.3974
6650 -215.578 1.94028 -10.6006
6700 -215.462 1.63883 -10.7547
6750 -215.361 1.29089 -10.8559
6800 -215.279 0.894581 -10.9024
6850 -215.218 0.45289 -10.8914
6900 -215.179 -0.0312073 -10.8223
6950 -215.166 -0.551828 -10.6957
7000 -215.179 -1.09824 -10.5108
7050 -215.221 -1.65938 -10.2699
7100 -215.291 -2.22217 -9.9752
7150 -215.389 -2.77153 -9.62947
7200 -215.515 -3.29166 -9.23707
7250 -215.667 -3.76715 -8.80205
7300 -215.842 -4.18137 -8.32926
7350 -216.038 -4.52161 -7.82468
7400 -216.249 -4.77464 -7.29465
7450 -216.472 -4.9308 -6.7452
7500 -216.702 -4.98238 -6.18321
7550 -216.933 -4.92776 -5.61526
7600 -217.161 -4.76578 -5.04893
7650 -217.379 -4.50032 -4.49088
7700 -217.583 -4.13853 -3.94754
7750 -217.769 -3.69 -3.42628
7800 -217.932 -3.1677 -2.93228
7850 -218.069 -2.58516 -2.47273
7900 -218.177 -1.9607 -2.0517
7950 -218.254 -1.30913 -1.67457
8000 -218.3 -0.646971 -1.34495
8050 -218.313 0.00779682 -1.06638
8100 -218.295 0.643857 -0.842187
8150 -218.247 1.24581 -0.672533
8200 -218.171 1.80595 -0.56019
8250 -218.068 2.31454 -0.504323
8300 -217.941 2.76623 -0.504182
8350 -217.793 3.15894 -0.559329
8400 -217.626 3.49215 -0.666211
8450 -217.444 3.76671 -0.822339
8500 -217.249 3.9847 -1.0244
8550 -217.044 4.14998 -1.26619
8600 -216.832 4.2657 -1.5443
8650 -216.614 4.33704 -1.85262
8700 -216.392 4.36811 -2.18522
8750 -216.169 4.35894 -2.53506
8800 -215.946 4.31253 -2.89583
8850 -215.726 4.22793 -3.26101
8900 -215.51 4.10572 -3.6228
8950 -215.3 3.9434 -3.97457
9000 -215.099 3.73612 -4.31056
9050 -214.908 3.48236 -4.62186
9100 -214.73 3.17747 -4.90476
9150 -214.568 2.81768 -5.15223
9200 -214.425 2.40233 -5.35904
9250 -214.303 1.92782 -5.52118
9300 -214.206 1.39831 -5.63407
9350 -214.137 0.815723 -5.69483
9400 -214.097 0.186599 -5.70104
9450 -214.09 -0.481655 -5.65003
9500 -214.117 -1.17778 -5.54235
9550 -214.179 -1.88858 -5.37696
9600 -214.276 -2.59784 -5.15505
9650 -214.41 -3.2897 -4.8795
9700 -214.577 -3.94571 -4.55084
9750 -214.777 -4.54906 -4.17364
9800 -215.006 -5.08085 -3.75152
9850 -215.26 -5.52696 -3.28843
9900 -215.536 -5.87173 -2.79131
9950 -215.828 -6.10446 -2.26463
10000 -216.129 -6.21648 -1.71515
10050 -216.435 -6.20279 -1.15016
10100 -216.738 -6.06347 -0.575365
10150 -217.033 -5.80027 0.000657461
10200 -217.313 -5.4205 0.572667
10250 -217.573 -4.93433 1.13267
10300 -217.809 -4.354 1.67249
10350 -218.015 -3.6964 2.18815
10400 -218.188 -2.97697 2.67077
10450 -218.326 -2.21503 3.11747
10500 -218.426 -1.42895 3.52049
10550 -218.488 -0.635086 3.87614
10600 -218.512 0.148572 4.18154
10650 -218.498 0.908389 4.4318
10700 -218.447 1.62974 4.62661
10750 -218.362 2.30232 4.76302
10800 -218.245 2.9186 4.84103
10850 -218.1 3.47218 4.86149
10900 -217.928 3.96041 4.82445
10950 -217.734 4.38197 4.73372
11000 -217.519 4.73664 4.5903
11050 -217.289 5.02668 4.39864
11100 -217.044 5.25274 4.16381
11150 -216.789 5.41867 3.88945
11200 -216.527 5.52635 3.5833
11250 -216.26 5.57727 3.24974
11300 -215.991 5.57176 2.89603
11350 -215.722 5.51022 2.52998
11400 -215.457 5.39206 2.1574
11450 -215.198 5.21458 1.78654
11500 -214.949 4.9747 1.42446
11550 -214.713 4.66979 1.07779
11600 -214.493 4.29705 0.754071
11650 -214.292 3.85606 0.459532
11700 -214.114 3.3426 0.200005
11750 -213.963 2.75991 -0.0180333
11800 -213.842 2.1085 -0.190891
11850 -213.754 1.39409 -0.313766
11900 -213.703 0.624866 -0.382582
11950 -213.692 -0.190346 -0.396279
12000 -213.722 -1.03781 -0.351306
