# Time-averaged data for fix fxOutput
# TimeStep c_0 c_2[1] c_2[2]
0 -220.909 -0.652959 -12.7492
50 -220.309 -1.22162 -12.9787
100 -219.809 -1.69403 -13.0005
150 -219.189 -2.20281 -12.8227
200 -218.573 -2.67791 -12.455
250 -217.982 -3.10684 -11.9056
300 -217.405 -3.48999 -11.1763
350 -216.852 -3.82237 -10.2845
400 -216.333 -4.09868 -9.24603
450 -215.856 -4.31398 -8.07658
500 -215.427 -4.46382 -6.79435
550 -215.051 -4.54516 -5.41836
600 -214.736 -4.55561 -3.96849
650 -214.485 -4.49338 -2.46542
700 -214.302 -4.35818 -0.930633
750 -214.189 -4.14995 0.616254
800 -214.149 -3.87085 2.15203
850 -214.182 -3.52337 3.65747
900 -214.289 -3.11292 5.11167
950 -214.467 -2.64462 6.49314
1000 -214.716 -2.12554 7.78083
1050 -215.031 -1.56432 8.95731
1100 -215.408 -0.969425 10.005
1150 -215.842 -0.351533 10.9057
1200 -216.328 0.278182 11.6436
1250 -216.856 0.908878 12.2065
1300 -217.421 1.52993 12.5832
1350 -218.012 2.12913 12.763
1400 -218.622 2.69597 12.7426
1450 -219.24 3.21912 12.5181
1500 -219.856 3.69013 12.0896
1550 -220.46 4.10067 11.4623
1600 -221.042 4.44387 10.6431
1650 -221.592 4.71416 9.64423
1700 -222.102 4.90785 8.47947
1750 -222.563 5.02267 7.16898
1800 -222.966 5.05637 5.73215
1850 -223.305 5.01141 4.19474
1900 -223.574 4.88905 2.58199
1950 -223.768 4.69355 0.92272
2000 -223.885 4.42776 -0.755285
2050 -223.923 4.09923 -2.42158
2100 -223.881 3.7137 -4.04823
2150 -223.76 3.27717 -5.60581
2200 -223.563 2.80036 -7.06802
2250 -223.293 2.28654 -8.41116
2300 -222.956 1.74806 -9.61162
2350 -222.557 1.18935 -10.6513
2400 -222.102 0.621503 -11.5135
2450 -221.601 0.0493486 -12.1877
2500 -221.06 -0.51748 -12.6638
2550 -220.489 -1.07203 -12.9372
2600 -219.898 -1.60817 -13.0056
2650 -219.294 -2.11748 -12.8716
2700 -218.689 -2.5952 -12.5402
2750 -218.09 -3.03258 -12.0194
2800 -217.506 -3.42646 -11.3202
2850 -216.948 -3.76868 -10.4551
2900 -216.422 -4.0555 -9.43936
2950 -215.935 -4.2818 -8.28931
3000 -215.497 -4.4437 -7.0228
3050 -215.112 -4.53719 -5.65953
3100 -214.786 -4.55999 -4.21893
3150 -214.523 -4.5099 -2.721
3200 -214.328 -4.38631 -1.18813
3250 -214.203 -4.18982 0.360139
3300 -214.151 -3.92156 1.90104
3350 -214.173 -3.58483 3.41572
3400 -214.268 -3.18305 4.88061
3450 -214.435 -2.72335 6.27561
3500 -214.673 -2.21172 7.58156
3550 -214.978 -1.65586 8.77877
3600 -215.346 -1.06504 9.8482
3650 -215.772 -0.450896 10.7735
3700 -216.25 0.179152 11.5385
3750 -216.773 0.811358 12.1297
3800 -217.334 1.43531 12.5355
3850 -217.922 2.03866 12.7463
3900 -218.53 2.61159 12.7562
3950 -219.148 3.14251 12.5622
4000 -219.765 3.62267 12.164
4050 -220.372 4.04346 11.5655
4100 -220.958 4.3971 10.7737
4150 -221.514 4.67829 9.79978
4200 -222.031 4.88328 8.65808
4250 -222.499 5.00892 7.36592
4300 -222.911 5.05553 5.94611
4350 -223.26 5.02208 4.42029
4400 -223.54 4.90997 2.8156
4450 -223.745 4.72501 1.16022
4500 -223.874 4.46909 -0.517579
4550 -223.923 4.14924 -2.18853
4600 -223.892 3.7712 -3.8232
4650 -223.782 3.34154 -5.39294
4700 -223.596 2.86911 -6.87075
4750 -223.336 2.36035 -8.23279
4800 -223.007 1.82413 -9.45487
4850 -222.616 1.26849 -10.5184
4900 -222.168 0.700316 -11.4069
4950 -221.673 0.129134 -12.1077
5000 -221.137 -0.439389 -12.6119
5050 -220.569 -0.99664 -12.913
5100 -219.98 -1.53504 -13.0098
5150 -219.377 -2.04908 -12.903
5200 -218.771 -2.53079 -12.5984
5250 -218.17 -2.97527 -12.1025
5300 -217.584 -3.37524 -11.4265
5350 -217.021 -3.72513 -10.5824
5400 -216.49 -4.02062 -9.58579
5450 -215.998 -4.25503 -8.45219
5500 -215.553 -4.42569 -7.19988
5550 -215.16 -4.52825 -5.84779
5600 -214.826 -4.56065 -4.41554
5650 -214.554 -4.52044 -2.92399
5700 -214.35 -4.40614 -1.39373
5750 -214.216 -4.21979 0.154703
5800 -214.155 -3.96022 1.69807
5850 -214.166 -3.63285 3.21756
5900 -214.252 -3.23994 4.69024
5950 -214.41 -2.787 6.09663
6000 -214.639 -2.28157 7.41577
6050 -214.935 -1.7308 8.62789
6100 -215.296 -1.14427 9.71543
6150 -215.715 -0.531239 10.6608
6200 -216.187 0.0970546 11.4476
6250 -216.705 0.730169 12.062
6300 -217.261 1.35515 12.4926
6350 -217.846 1.96252 12.729
6400 -218.452 2.53991 12.7652
6450 -219.069 3.07594 12.5969
6500 -219.687 3.5632 12.2246
6550 -220.296 3.9915 11.6504
6600 -220.886 4.35365 10.8823
6650 -221.446 4.6453 9.93039
6700 -221.969 4.86043 8.80868
6750 -222.444 4.99636 7.53444
6800 -222.863 5.05269 6.12819
6850 -223.22 5.02821 4.61445
6900 -223.509 4.92732 3.01806
6950 -223.724 4.75007 1.36676
7000 -223.862 4.50251 -0.310466
7050 -223.921 4.19138 -1.98405
7100 -223.9 3.81911 -3.62549
7150 -223.799 3.39552 -5.20513
7200 -223.622 2.92884 -6.69639
7250 -223.371 2.42318 -8.07387
7300 -223.05 1.89022 -9.31483
7350 -222.666 1.33602 -10.3991
7400 -222.225 0.76895 -11.3104
7450 -221.735 0.197766 -12.0346
7500 -221.203 -0.372131 -12.5631
7550 -220.639 -0.930932 -12.8897
7600 -220.052 -1.47221 -13.0108
7650 -219.45 -1.98966 -12.9288
7700 -218.843 -2.47627 -12.6473
7750 -218.241 -2.9252 -12.1742
7800 -217.653 -3.33073 -11.5192
7850 -217.087 -3.68636 -10.6946
7900 -216.551 -3.98879 -9.7151
7950 -216.054 -4.23141 -8.59651
8000 -215.602 -4.40946 -7.35754
8050 -215.203 -4.52129 -6.01585
8100 -214.861 -4.56192 -4.59213
8150 -214.582 -4.53019 -3.1061
8200 -214.37 -4.42553 -1.57895
8250 -214.227 -4.24704 -0.0315042
8300 -214.157 -3.99628 1.51429
8350 -214.16 -3.67695 3.03794
8400 -214.236 -3.29088 4.51754
8450 -214.386 -2.84442 5.93308
8500 -214.607 -2.34456 7.26439
8550 -214.895 -1.79847 8.4905
8600 -215.249 -1.21576 9.594
8650 -215.661 -0.604547 10.557
8700 -216.128 0.0226268 11.3635
8750 -216.64 0.654862 11.999
8800 -217.192 1.28267 12.4514
8850 -217.775 1.89137 12.7114
8900 -218.38 2.47271 12.7708
8950 -218.996 3.01551 12.6266
9000 -219.614 3.50888 12.278
9050 -220.225 3.94481 11.7273
9100 -220.818 4.31604 10.9811
9150 -221.382 4.61531 10.05
9200 -221.91 4.83928 8.94657
9250 -222.391 4.98456 7.68849
9300 -222.817 5.04922 6.29658
9350 -223.181 5.03533 4.79333
9400 -223.478 4.94232 3.20434
9450 -223.702 4.77341 1.55768
9500 -223.849 4.53457 -0.118273
9550 -223.917 4.2293 -1.79456
9600 -223.905 3.86403 -3.4411
9650 -223.814 3.44704 -5.02972
9700 -223.645 2.98338 -6.5328
9750 -223.402 2.48248 -7.92488
9800 -223.089 1.95275 -9.18255
9850 -222.712 1.39921 -10.2862
9900 -222.277 0.833966 -11.2175
9950 -221.792 0.262586 -11.9643
10000 -221.264 -0.307995 -12.5157
10050 -220.703 -0.868194 -12.8645
10100 -220.117 -1.41209 -13.0096
10150 -219.517 -1.93299 -12.9505
10200 -218.91 -2.42267 -12.6912
10250 -218.307 -2.87689 -12.2392
10300 -217.717 -3.28769 -11.6039
10350 -217.147 -3.64951 -10.7972
10400 -216.608 -3.95799 -9.83426
10450 -216.106 -4.20783 -8.73022
10500 -215.649 -4.39295 -7.50358
10550 -215.243 -4.5127 -6.17223
10600 -214.895 -4.56124 -4.75606
10650 -214.608 -4.53804 -3.27583
10700 -214.388 -4.44139 -1.75157
10750 -214.238 -4.2711 -0.205715
10800 -214.159 -4.02878 1.34229
10850 -214.154 -3.71679 2.86972
10900 -214.223 -3.33744 4.35584
10950 -214.364 -2.89776 5.77975
11000 -214.577 -2.40318 7.1218
11050 -214.859 -1.8616 8.36075
11100 -215.205 -1.2824 9.47938
11150 -215.612 -0.674211 10.4591
11200 -216.072 -0.0480824 11.2838
11250 -216.581 0.584241 11.9393
11300 -217.129 1.21292 12.4128
11350 -217.709 1.82498 12.6944
11400 -218.311 2.40931 12.7764
11450 -218.927 2.95692 12.6549
11500 -219.546 3.45686 12.3288
11550 -220.158 3.89945 11.7995
11600 -220.754 4.27809 11.0749
11650 -221.322 4.58561 10.1631
11700 -221.854 4.81751 9.07764
11750 -222.341 4.97268 7.83574
11800 -222.774 5.04638 6.45728
11850 -223.145 5.03952 4.9644
11900 -223.45 4.9556 3.38374
11950 -223.682 4.79526 1.74139
12000 -223.838 4.56328 0.0669821
