# Time-averaged data for fix fxOutput
# TimeStep c_0 c_2[1] c_2[2]
0 -220.909 -0.652959 -12.7492
50 -220.264 -1.29013 -12.5643
100 -219.756 -1.80857 -12.2026
150 -219.164 -2.37948 -11.5548
200 -218.616 -2.91494 -10.6954
250 -218.134 -3.41769 -9.63974
300 -217.709 -3.9042 -8.38471
350 -217.35 -4.37751 -6.95607
400 -217.068 -4.84004 -5.37783
450 -216.871 -5.29646 -3.67598
500 -216.761 -5.75079 -1.8791
550 -216.745 -6.2051 -0.0205747
600 -216.823 -6.65943 1.86622
650 -216.998 -7.11253 3.74406
700 -217.266 -7.56206 5.57537
750 -217.626 -8.00439 7.32314
800 -218.072 -8.43093 8.94754
850 -218.596 -8.83711 10.4145
900 -219.191 -9.21309 11.687
950 -219.844 -9.5509 12.7329
1000 -220.545 -9.84027 13.5241
1050 -221.279 -10.0727 14.0366
1100 -222.033 -10.2383 14.251
1150 -222.789 -10.3314 14.1546
1200 -223.533 -10.3456 13.7405
1250 -224.249 -10.2755 13.0112
1300 -224.92 -10.1203 11.9735
1350 -225.53 -9.87956 10.642
1400 -226.067 -9.5561 9.04121
1450 -226.517 -9.15421 7.20162
1500 -226.868 -8.68067 5.15928
1550 -227.112 -8.14141 2.95656
1600 -227.241 -7.54945 0.641605
1650 -227.25 -6.91692 -1.73451
1700 -227.138 -6.25151 -4.11785
1750 -226.907 -5.56727 -6.4543
1800 -226.56 -4.87678 -8.6892
1850 -226.102 -4.19093 -10.7709
1900 -225.542 -3.5184 -12.6505
1950 -224.893 -2.87001 -14.2859
2000 -224.167 -2.24899 -15.6395
2050 -223.378 -1.66324 -16.6809
2100 -222.544 -1.11417 -17.3898
2150 -221.68 -0.603234 -17.7529
2200 -220.804 -0.128328 -17.7665
2250 -219.935 0.31541 -17.4351
2300 -219.087 0.726136 -16.7724
2350 -218.277 1.11321 -15.8009
2400 -217.521 1.48415 -14.547
2450 -216.83 1.84202 -13.0455
2500 -216.217 2.19297 -11.3359
2550 -215.69 2.54329 -9.45985
2600 -215.258 2.89701 -7.46167
2650 -214.924 3.25613 -5.38615
2700 -214.691 3.62149 -3.27751
2750 -214.561 3.995 -1.1781
2800 -214.532 4.37172 0.870331
2850 -214.599 4.74945 2.83345
2900 -214.759 5.12136 4.67704
2950 -215.005 5.48107 6.373
3000 -215.329 5.82011 7.89868
3050 -215.722 6.13098 9.23449
3100 -216.175 6.4037 10.3652
3150 -216.677 6.63044 11.2821
3200 -217.218 6.80335 11.9765
3250 -217.787 6.91561 12.4467
3300 -218.374 6.96242 12.6927
3350 -218.968 6.93992 12.7175
3400 -219.557 6.84636 12.5262
3450 -220.132 6.68401 12.126
3500 -220.684 6.45371 11.5272
3550 -221.203 6.16334 10.7416
3600 -221.681 5.8182 9.78436
3650 -222.108 5.42765 8.67095
3700 -222.48 5.00093 7.42102
3750 -222.789 4.54863 6.05575
3800 -223.03 4.08393 4.59913
3850 -223.2 3.61695 3.07855
3900 -223.296 3.15927 1.52228
3950 -223.318 2.71903 -0.0388844
4000 -223.265 2.30492 -1.57184
4050 -223.14 1.92665 -3.04176
4100 -222.946 1.58531 -4.41651
4150 -222.689 1.28758 -5.66206
4200 -222.377 1.03326 -6.74372
4250 -222.016 0.820713 -7.63354
4300 -221.618 0.647089 -8.30357
4350 -221.194 0.509092 -8.73153
4400 -220.755 0.400017 -8.89968
4450 -220.316 0.315308 -8.796
4500 -219.889 0.246149 -8.4155
4550 -219.487 0.186418 -7.75989
4600 -219.125 0.126559 -6.83849
4650 -218.815 0.065003 -5.6677
4700 -218.569 -0.00474702 -4.27109
4750 -218.397 -0.0864856 -2.6792
4800 -218.308 -0.184682 -0.928525
4850 -218.309 -0.29587 0.938794
4900 -218.406 -0.418128 2.87639
4950 -218.599 -0.551992 4.8365
5000 -218.889 -0.69234 6.76643
5050 -219.275 -0.831893 8.61626
5100 -219.749 -0.963684 10.3356
5150 -220.305 -1.08384 11.8781
5200 -220.932 -1.18352 13.1992
5250 -221.619 -1.25554 14.2611
5300 -222.352 -1.29589 15.0318
5350 -223.115 -1.29905 15.4867
5400 -223.893 -1.26208 15.608
5450 -224.667 -1.1824 15.3875
5500 -225.421 -1.06114 14.8242
5550 -226.139 -0.900905 13.9266
5600 -226.802 -0.704094 12.7106
5650 -227.397 -0.477297 11.1993
5700 -227.909 -0.227742 9.42461
5750 -228.327 0.037399 7.42283
5800 -228.638 0.308688 5.23674
5850 -228.837 0.57596 2.91204
5900 -228.918 0.829423 0.498039
5950 -228.876 1.06182 -1.95421
6000 -228.713 1.26396 -4.39308
6050 -228.429 1.42661 -6.7702
6100 -228.03 1.54671 -9.03672
6150 -227.523 1.62049 -11.1479
6200 -226.915 1.64385 -13.0642
6250 -226.219 1.61445 -14.7502
6300 -225.446 1.53913 -16.1774
6350 -224.61 1.41982 -17.3235
6400 -223.726 1.2582 -18.1721
6450 -222.808 1.06174 -18.7146
6500 -221.872 0.840416 -18.9494
6550 -220.933 0.598226 -18.8796
6600 -220.007 0.342682 -18.515
6650 -219.106 0.0844237 -17.8721
6700 -218.244 -0.170865 -16.9701
6750 -217.435 -0.42006 -15.832
6800 -216.688 -0.655126 -14.4852
6850 -216.013 -0.873969 -12.9585
6900 -215.418 -1.07361 -11.2822
6950 -214.91 -1.25487 -9.48613
7000 -214.493 -1.41776 -7.60188
7050 -214.173 -1.56515 -5.66069
7100 -213.949 -1.70002 -3.69134
7150 -213.824 -1.82645 -1.72303
7200 -213.797 -1.9498 0.216322
7250 -213.865 -2.07446 2.10165
7300 -214.025 -2.20394 3.90677
7350 -214.273 -2.34409 5.60928
7400 -214.604 -2.49649 7.18543
7450 -215.01 -2.66343 8.61544
7500 -215.483 -2.8458 9.87812
7550 -216.015 -3.04131 10.9546
7600 -216.597 -3.24924 11.8288
7650 -217.218 -3.46423 12.4847
7700 -217.867 -3.68211 12.9089
7750 -218.532 -3.89524 13.0914
7800 -219.2 -4.09544 13.0248
7850 -219.86 -4.27736 12.7051
7900 -220.498 -4.43105 12.1346
7950 -221.103 -4.54886 11.3179
8000 -221.661 -4.62321 10.2678
8050 -222.162 -4.64899 9.00076
8100 -222.595 -4.61976 7.54071
8150 -222.952 -4.53141 5.91599
8200 -223.224 -4.38247 4.16193
8250 -223.406 -4.17343 2.31768
8300 -223.494 -3.90466 0.426708
8350 -223.487 -3.58033 -1.46408
8400 -223.387 -3.20525 -3.30584
8450 -223.195 -2.78571 -5.04902
8500 -222.918 -2.32746 -6.64553
8550 -222.565 -1.84098 -8.05073
8600 -222.147 -1.33452 -9.22265
8650 -221.674 -0.814861 -10.1251
8700 -221.161 -0.290703 -10.7293
8750 -220.623 0.22753 -11.0152
8800 -220.077 0.735872 -10.9702
8850 -219.539 1.22964 -10.5901
8900 -219.025 1.70339 -9.88465
8950 -218.551 2.15245 -8.86914
9000 -218.133 2.58104 -7.5689
9050 -217.783 2.98526 -6.01799
9100 -217.512 3.36907 -4.25772
9150 -217.331 3.73281 -2.33511
9200 -217.245 4.08168 -0.302136
9250 -217.26 4.41824 1.78727
9300 -217.377 4.74612 3.87758
9350 -217.594 5.07 5.9127
9400 -217.907 5.39132 7.84102
9450 -218.311 5.71126 9.61258
9500 -218.795 6.03208 11.183
9550 -219.35 6.35167 12.5147
9600 -219.963 6.66879 13.577
9650 -220.619 6.97875 14.3463
9700 -221.304 7.27717 14.8065
9750 -222.003 7.55683 14.9514
9800 -222.7 7.81227 14.7815
9850 -223.379 8.03359 14.3058
9900 -224.026 8.21453 13.538
9950 -224.628 8.34502 12.5005
10000 -225.172 8.41871 11.219
10050 -225.647 8.42857 9.72554
10100 -226.043 8.36879 8.05465
10150 -226.354 8.23431 6.24169
10200 -226.574 8.02426 4.32653
10250 -226.698 7.73727 2.34873
10300 -226.725 7.37486 0.34567
10350 -226.656 6.93968 -1.64383
10400 -226.493 6.43792 -3.58395
10450 -226.238 5.87627 -5.43994
10500 -225.896 5.26384 -7.1801
10550 -225.476 4.60874 -8.77646
10600 -224.985 3.92087 -10.2034
10650 -224.432 3.21107 -11.4397
10700 -223.826 2.48948 -12.4664
10750 -223.178 1.76576 -13.2701
10800 -222.501 1.04869 -13.8396
10850 -221.805 0.345887 -14.1684
10900 -221.102 -0.336625 -14.2538
10950 -220.404 -0.995245 -14.0964
11000 -219.723 -1.62574 -13.699
11050 -219.071 -2.22766 -13.0702
11100 -218.458 -2.80148 -12.2207
11150 -217.895 -3.34823 -11.1642
11200 -217.392 -3.8718 -9.9169
11250 -216.957 -4.37531 -8.49879
11300 -216.598 -4.8639 -6.93292
11350 -216.323 -5.34025 -5.24305
11400 -216.136 -5.80859 -3.45775
11450 -216.042 -6.2723 -1.60482
11500 -216.044 -6.73262 0.283679
11550 -216.141 -7.19223 2.17477
11600 -216.334 -7.64851 4.03541
11650 -216.62 -8.0995 5.83067
11700 -216.995 -8.54192 7.52514
11750 -217.453 -8.96925 9.08509
11800 -217.987 -9.37537 10.477
11850 -218.587 -9.75094 11.6694
11900 -219.242 -10.0886 12.6331
11950 -219.94 -10.3797 13.3421
12000 -220.668 -10.6131 13.7757
