# Time-averaged data for fix fxOutput
# TimeStep c_0 c_2[1] c_2[2]
0 -220.909 -0.652959 -12.7492
50 -220.65 -0.911442 -12.1629
100 -220.48 -1.0732 -11.6475
150 -220.265 -1.21209 -11.0532
200 -220.07 -1.26508 -10.4685
250 -219.899 -1.24435 -9.89333
300 -219.738 -1.15618 -9.31506
350 -219.582 -1.00301 -8.73782
400 -219.432 -0.786636 -8.15653
450 -219.284 -0.519902 -7.57027
500 -219.137 -0.206237 -6.97526
550 -218.989 0.141628 -6.36859
600 -218.839 0.517404 -5.74758
650 -218.685 0.913356 -5.11067
700 -218.529 1.31838 -4.45636
750 -218.369 1.72954 -3.78573
800 -218.206 2.13763 -3.10002
850 -218.041 2.53934 -2.40086
900 -217.874 2.93353 -1.69318
950 -217.707 3.3147 -0.980221
1000 -217.538 3.68328 -0.268449
1050 -217.369 4.03486 0.437258
1100 -217.2 4.37248 1.13011
1150 -217.033 4.69248 1.80482
1200 -216.866 4.99576 2.45578
1250 -216.7 5.27908 3.07791
1300 -216.537 5.53842 3.66851
1350 -216.375 5.77177 4.2234
1400 -216.215 5.97232 4.74273
1450 -216.059 6.13511 5.2259
1500 -215.907 6.25154 5.6741
1550 -215.761 6.31292 6.09167
1600 -215.622 6.31146 6.48207
1650 -215.494 6.23785 6.85007
1700 -215.38 6.08077 7.20282
1750 -215.281 5.83506 7.54592
1800 -215.205 5.4908 7.8859
1850 -215.153 5.04449 8.22868
1900 -215.131 4.49207 8.5809
1950 -215.145 3.83175 8.94491
2000 -215.198 3.06717 9.32493
2050 -215.297 2.20371 9.72155
2100 -215.445 1.25 10.1348
2150 -215.647 0.218151 10.5591
2200 -215.905 -0.876097 10.9909
2250 -216.222 -2.01494 11.4231
2300 -216.601 -3.1752 11.8462
2350 -217.04 -4.33695 12.2475
2400 -217.538 -5.47243 12.6159
2450 -218.094 -6.55848 12.9356
2500 -218.702 -7.56816 13.1948
2550 -219.358 -8.4774 13.3776
2600 -220.055 -9.26448 13.47
2650 -220.784 -9.90891 13.4595
2700 -221.537 -10.3921 13.3353
2750 -222.303 -10.7033 13.0882
2800 -223.072 -10.8327 12.7109
2850 -223.832 -10.7766 12.2001
2900 -224.573 -10.5354 11.5561
2950 -225.282 -10.1167 10.7806
3000 -225.951 -9.53036 9.87974
3050 -226.568 -8.79038 8.86407
3100 -227.125 -7.91888 7.74456
3150 -227.615 -6.93504 6.53842
3200 -228.032 -5.86726 5.26145
3250 -228.37 -4.74081 3.93484
3300 -228.628 -3.58404 2.57853
3350 -228.803 -2.42572 1.21462
3400 -228.898 -1.2917 -0.136049
3450 -228.912 -0.207228 -1.45066
3500 -228.852 0.802236 -2.71158
3550 -228.721 1.71969 -3.89892
3600 -228.526 2.52733 -4.99777
3650 -228.275 3.21225 -5.99491
3700 -227.975 3.76736 -6.88042
3750 -227.635 4.18841 -7.64763
3800 -227.263 4.4761 -8.29329
3850 -226.868 4.63407 -8.81743
3900 -226.458 4.67137 -9.22305
3950 -226.042 4.59844 -9.5176
4000 -225.625 4.42898 -9.71032
4050 -225.214 4.17985 -9.81029
4100 -224.815 3.86616 -9.83147
4150 -224.43 3.50772 -9.79035
4200 -224.064 3.11995 -9.69851
4250 -223.718 2.72134 -9.57178
4300 -223.392 2.32636 -9.42469
4350 -223.087 1.9494 -9.27081
4400 -222.801 1.60268 -9.1203
4450 -222.534 1.29612 -8.9833
4500 -222.281 1.03559 -8.86937
4550 -222.042 0.827351 -8.78183
4600 -221.812 0.672285 -8.72393
4650 -221.588 0.571646 -8.69646
4700 -221.369 0.524099 -8.69815
4750 -221.15 0.525322 -8.72425
4800 -220.929 0.572416 -8.76956
4850 -220.704 0.65933 -8.82743
4900 -220.473 0.77964 -8.88957
4950 -220.234 0.929596 -8.94709
5000 -219.988 1.10042 -8.99126
5050 -219.733 1.2884 -9.01345
5100 -219.468 1.48941 -9.00598
5150 -219.196 1.69779 -8.96066
5200 -218.915 1.91018 -8.87261
5250 -218.627 2.12493 -8.73756
5300 -218.334 2.33931 -8.55204
5350 -218.036 2.54981 -8.31443
5400 -217.734 2.75589 -8.02547
5450 -217.43 2.95641 -7.6869
5500 -217.126 3.14704 -7.30075
5550 -216.823 3.32706 -6.87237
5600 -216.522 3.49174 -6.4051
5650 -216.225 3.63735 -5.90494
5700 -215.934 3.75896 -5.37566
5750 -215.65 3.85034 -4.82363
5800 -215.375 3.90497 -4.25238
5850 -215.112 3.91555 -3.66646
5900 -214.863 3.87465 -3.06811
5950 -214.631 3.77375 -2.46029
6000 -214.418 3.60642 -1.84283
6050 -214.229 3.36556 -1.21581
6100 -214.066 3.04482 -0.57898
6150 -213.934 2.64038 0.0704747
6200 -213.837 2.14952 0.73389
6250 -213.779 1.57106 1.4144
6300 -213.763 0.909265 2.11475
6350 -213.795 0.168021 2.83646
6400 -213.878 -0.645422 3.58066
6450 -214.016 -1.52008 4.3494
6500 -214.211 -2.4433 5.14005
6550 -214.466 -3.39874 5.95155
6600 -214.782 -4.36847 6.77779
6650 -215.16 -5.33363 7.61578
6700 -215.599 -6.27244 8.45511
6750 -216.098 -7.16396 9.28683
6800 -216.653 -7.98625 10.1002
6850 -217.261 -8.7176 10.8833
6900 -217.917 -9.34001 11.6212
6950 -218.613 -9.83392 12.3008
7000 -219.343 -10.1862 12.9075
7050 -220.097 -10.3827 13.4283
7100 -220.868 -10.4169 13.849
7150 -221.644 -10.2841 14.1585
7200 -222.416 -9.98347 14.349
7250 -223.174 -9.51924 14.4101
7300 -223.908 -8.89852 14.3385
7350 -224.608 -8.13503 14.1324
7400 -225.264 -7.24171 13.7931
7450 -225.87 -6.23956 13.3239
7500 -226.416 -5.1474 12.7339
7550 -226.899 -3.99093 12.0323
7600 -227.312 -2.79113 11.2316
7650 -227.652 -1.5743 10.349
7700 -227.918 -0.366423 9.3996
7750 -228.108 0.812295 8.4042
7800 -228.225 1.9367 7.38024
7850 -228.27 2.98667 6.3486
7900 -228.249 3.94511 5.32721
7950 -228.163 4.79863 4.33449
8000 -228.021 5.53235 3.3864
8050 -227.828 6.14047 2.49729
8100 -227.592 6.61656 1.67865
8150 -227.32 6.95922 0.938465
8200 -227.021 7.17135 0.282269
8250 -226.701 7.25493 -0.288185
8300 -226.368 7.2201 -0.772954
8350 -226.029 7.07413 -1.17851
8400 -225.691 6.83044 -1.51081
8450 -225.359 6.50042 -1.78129
8500 -225.037 6.09903 -2.00014
8550 -224.73 5.63981 -2.18193
8600 -224.441 5.13731 -2.34192
8650 -224.172 4.60687 -2.49425
8700 -223.922 4.05986 -2.65473
8750 -223.694 3.51123 -2.83581
8800 -223.484 2.97015 -3.05222
8850 -223.293 2.4497 -3.3132
8900 -223.118 1.95523 -3.6284
8950 -222.957 1.49743 -4.00262
9000 -222.805 1.08079 -4.4406
9050 -222.66 0.708396 -4.9425
9100 -222.519 0.387814 -5.5044
9150 -222.377 0.117307 -6.12205
9200 -222.232 -0.100274 -6.78806
9250 -222.08 -0.265243 -7.49134
9300 -221.917 -0.378372 -8.22014
9350 -221.742 -0.440182 -8.96087
9400 -221.552 -0.454397 -9.70066
9450 -221.345 -0.422497 -10.4222
9500 -221.119 -0.349197 -11.1139
9550 -220.874 -0.237341 -11.7593
9600 -220.61 -0.0916202 -12.3461
9650 -220.327 0.0813307 -12.8628
9700 -220.023 0.276888 -13.2994
9750 -219.703 0.488797 -13.6477
9800 -219.366 0.710133 -13.9024
9850 -219.015 0.932463 -14.0589
9900 -218.651 1.14895 -14.1166
9950 -218.278 1.35117 -14.0748
10000 -217.898 1.53084 -13.9364
10050 -217.515 1.6791 -13.705
10100 -217.133 1.78726 -13.3854
10150 -216.755 1.84807 -12.9837
10200 -216.386 1.85351 -12.5055
10250 -216.029 1.79662 -11.9589
10300 -215.689 1.67277 -11.349
10350 -215.371 1.47656 -10.6832
10400 -215.078 1.20609 -9.96602
10450 -214.816 0.861214 -9.20303
10500 -214.588 0.441486 -8.39832
10550 -214.399 -0.0481985 -7.55448
10600 -214.252 -0.604531 -6.67393
10650 -214.152 -1.2191 -5.75934
10700 -214.101 -1.88267 -4.8106
10750 -214.102 -2.58396 -3.8293
10800 -214.158 -3.31075 -2.816
10850 -214.268 -4.04676 -1.77203
10900 -214.436 -4.77909 -0.697784
10950 -214.66 -5.49043 0.402344
11000 -214.94 -6.1646 1.52693
11050 -215.275 -6.78466 2.67
11100 -215.662 -7.3359 3.82554
11150 -216.098 -7.80221 4.98701
11200 -216.578 -8.17172 6.14424
11250 -217.099 -8.43043 7.28749
11300 -217.654 -8.57055 8.40485
11350 -218.238 -8.58521 9.48455
11400 -218.843 -8.46892 10.5126
11450 -219.463 -8.21934 11.4761
11500 -220.09 -7.83955 12.3624
11550 -220.715 -7.33261 13.1582
11600 -221.333 -6.70354 13.8526
11650 -221.935 -5.96525 14.4357
11700 -222.513 -5.12535 14.8995
11750 -223.062 -4.19829 15.2385
11800 -223.573 -3.20146 15.4494
11850 -224.042 -2.14921 15.5316
11900 -224.464 -1.05853 15.488
11950 -224.835 0.0502566 15.3233
12000 -225.151 1.16038 15.0454
