# Time-averaged data for fix fxOutput
# TimeStep c_0 c_2[1] c_2[2]
0 -220.909 -0.652959 -12.7492
50 -220.483 -1.08 -12.2466
100 -220.176 -1.38872 -11.7396
150 -219.818 -1.69166 -11.0737
200 -219.496 -1.91003 -10.3371
250 -219.221 -2.05011 -9.52702
300 -218.977 -2.12095 -8.62619
350 -218.765 -2.12312 -7.63871
400 -218.589 -2.05753 -6.56394
450 -218.449 -1.93254 -5.40239
500 -218.347 -1.75124 -4.15649
550 -218.282 -1.51878 -2.83326
600 -218.255 -1.24378 -1.44086
650 -218.269 -0.92479 0.00734553
700 -218.322 -0.570425 1.49742
750 -218.414 -0.182618 3.00969
800 -218.546 0.238762 4.52357
850 -218.716 0.690335 6.01542
900 -218.92 1.17212 7.46149
950 -219.157 1.68274 8.83775
1000 -219.422 2.22143 10.1199
1050 -219.71 2.78478 11.2866
1100 -220.017 3.37385 12.3176
1150 -220.336 3.98224 13.1968
1200 -220.662 4.60428 13.913
1250 -220.987 5.23523 14.4571
1300 -221.307 5.86558 14.8276
1350 -221.615 6.4849 15.0258
1400 -221.905 7.08247 15.0578
1450 -222.172 7.64624 14.9343
1500 -222.414 8.16233 14.6708
1550 -222.627 8.61843 14.2837
1600 -222.811 9.00075 13.7912
1650 -222.963 9.29841 13.2141
1700 -223.085 9.49945 12.5718
1750 -223.179 9.59717 11.883
1800 -223.247 9.58464 11.164
1850 -223.291 9.45943 10.4299
1900 -223.316 9.22148 9.69004
1950 -223.326 8.87386 8.95301
2000 -223.324 8.42411 8.22133
2050 -223.314 7.88223 7.49598
2100 -223.299 7.26019 6.77202
2150 -223.282 6.57384 6.04448
2200 -223.263 5.83979 5.30515
2250 -223.245 5.07722 4.545
2300 -223.227 4.30621 3.75419
2350 -223.207 3.54162 2.92498
2400 -223.184 2.80435 2.04993
2450 -223.154 2.1118 1.12473
2500 -223.114 1.47823 0.148816
2550 -223.059 0.916566 -0.875951
2600 -222.987 0.434942 -1.94329
2650 -222.891 0.0407667 -3.04233
2700 -222.769 -0.262187 -4.15873
2750 -222.616 -0.472662 -5.27621
2800 -222.431 -0.591449 -6.37166
2850 -222.21 -0.626218 -7.42467
2900 -221.953 -0.582665 -8.41149
2950 -221.661 -0.467347 -9.30719
3000 -221.334 -0.290113 -10.0888
3050 -220.974 -0.0634574 -10.7371
3100 -220.586 0.204674 -11.2332
3150 -220.174 0.505947 -11.5615
3200 -219.741 0.826434 -11.7144
3250 -219.296 1.16076 -11.6854
3300 -218.843 1.50138 -11.4747
3350 -218.387 1.84182 -11.0869
3400 -217.937 2.17663 -10.5322
3450 -217.497 2.50236 -9.82274
3500 -217.074 2.81603 -8.97742
3550 -216.67 3.11302 -8.015
3600 -216.293 3.39234 -6.95677
3650 -215.944 3.65218 -5.82565
3700 -215.628 3.88612 -4.64409
3750 -215.345 4.09314 -3.43236
3800 -215.098 4.26904 -2.21011
3850 -214.889 4.40589 -0.993814
3900 -214.718 4.49896 0.201477
3950 -214.586 4.54169 1.36532
4000 -214.494 4.52481 2.49066
4050 -214.443 4.44278 3.57115
4100 -214.432 4.28562 4.6042
4150 -214.465 4.0481 5.59016
4200 -214.542 3.72388 6.52946
4250 -214.663 3.30847 7.4221
4300 -214.832 2.80028 8.27067
4350 -215.05 2.19979 9.07373
4400 -215.317 1.51019 9.82978
4450 -215.637 0.73876 10.5349
4500 -216.008 -0.104444 11.1818
4550 -216.432 -1.00909 11.7627
4600 -216.908 -1.95561 12.2637
4650 -217.434 -2.92731 12.6724
4700 -218.006 -3.90495 12.9708
4750 -218.621 -4.86415 13.1436
4800 -219.272 -5.78379 13.172
4850 -219.952 -6.64108 13.0387
4900 -220.653 -7.41395 12.7285
4950 -221.365 -8.08202 12.2294
5000 -222.078 -8.62975 11.5319
5050 -222.779 -9.04265 10.6305
5100 -223.456 -9.30884 9.52622
5150 -224.097 -9.42324 8.22572
5200 -224.691 -9.38497 6.73906
5250 -225.226 -9.19741 5.08374
5300 -225.689 -8.86582 3.28403
5350 -226.074 -8.40512 1.36584
5400 -226.372 -7.82911 -0.638977
5450 -226.576 -7.15488 -2.69378
5500 -226.683 -6.41029 -4.7632
5550 -226.691 -5.60953 -6.80902
5600 -226.598 -4.78379 -8.79293
5650 -226.409 -3.95488 -10.6802
5700 -226.128 -3.14413 -12.4364
5750 -225.759 -2.3741 -14.0324
5800 -225.312 -1.66776 -15.4437
5850 -224.796 -1.03539 -16.6502
5900 -224.221 -0.495321 -17.6374
5950 -223.598 -0.0578624 -18.3976
6000 -222.938 0.275847 -18.9275
6050 -222.255 0.49522 -19.2289
6100 -221.559 0.60498 -19.3088
6150 -220.862 0.609051 -19.178
6200 -220.174 0.50993 -18.8512
6250 -219.506 0.317693 -18.343
6300 -218.867 0.0407112 -17.6709
6350 -218.266 -0.310421 -16.8537
6400 -217.708 -0.723374 -15.9083
6450 -217.201 -1.18872 -14.85
6500 -216.75 -1.69352 -13.6942
6550 -216.358 -2.2281 -12.4546
6600 -216.031 -2.78225 -11.1413
6650 -215.771 -3.34593 -9.76407
6700 -215.579 -3.9117 -8.33086
6750 -215.459 -4.47137 -6.84821
6800 -215.412 -5.01708 -5.32202
6850 -215.437 -5.54228 -3.75932
6900 -215.536 -6.0398 -2.16677
6950 -215.709 -6.50335 -0.551999
7000 -215.954 -6.92533 1.07444
7050 -216.271 -7.29972 2.70026
7100 -216.658 -7.61837 4.3111
7150 -217.11 -7.87279 5.89015
7200 -217.625 -8.05723 7.41695
7250 -218.198 -8.1619 8.87034
7300 -218.823 -8.18152 10.2275
7350 -219.493 -8.10608 11.4647
7400 -220.199 -7.93393 12.5575
7450 -220.933 -7.65824 13.4842
7500 -221.685 -7.27875 14.2232
7550 -222.444 -6.79499 14.7567
7600 -223.198 -6.20843 15.0717
7650 -223.938 -5.52814 15.1573
7700 -224.65 -4.75772 15.0103
7750 -225.325 -3.9134 14.6317
7800 -225.952 -3.00617 14.028
7850 -226.52 -2.05293 13.2122
7900 -227.022 -1.07438 12.2014
7950 -227.451 -0.0881663 11.0191
8000 -227.801 0.883206 9.69128
8050 -228.068 1.81801 8.24738
8100 -228.252 2.69714 6.71996
8150 -228.351 3.49893 5.14072
8200 -228.368 4.20655 3.54147
8250 -228.305 4.80537 1.95468
8300 -228.168 5.28403 0.40782
8350 -227.965 5.63136 -1.07398
8400 -227.7 5.84722 -2.46794
8450 -227.383 5.92874 -3.75909
8500 -227.023 5.88114 -4.9338
8550 -226.626 5.71257 -5.98476
8600 -226.204 5.43354 -6.90914
8650 -225.763 5.05936 -7.70645
8700 -225.31 4.6079 -8.38214
8750 -224.853 4.09664 -8.94259
8800 -224.397 3.54625 -9.3957
8850 -223.946 2.97665 -9.75047
8900 -223.504 2.40766 -10.0167
8950 -223.074 1.85745 -10.2029
9000 -222.658 1.34341 -10.3152
9050 -222.256 0.87915 -10.3589
9100 -221.869 0.476455 -10.3366
9150 -221.497 0.143763 -10.2489
9200 -221.14 -0.11222 -10.0933
9250 -220.797 -0.290995 -9.86547
9300 -220.468 -0.390424 -9.55922
9350 -220.153 -0.414142 -9.16849
9400 -219.854 -0.367524 -8.68526
9450 -219.571 -0.254549 -8.10321
9500 -219.304 -0.0852189 -7.4162
9550 -219.057 0.137553 -6.62219
9600 -218.832 0.400242 -5.71923
9650 -218.629 0.701387 -4.71065
9700 -218.454 1.03022 -3.60115
9750 -218.306 1.38424 -2.40204
9800 -218.19 1.75775 -1.12709
9850 -218.106 2.14882 0.208525
9900 -218.055 2.55456 1.58388
9950 -218.038 2.97502 2.97668
10000 -218.056 3.40945 4.36329
10050 -218.106 3.8566 5.72008
10100 -218.186 4.31681 7.02298
10150 -218.295 4.78918 8.25034
10200 -218.429 5.2725 9.38094
10250 -218.583 5.7622 10.3985
10300 -218.753 6.25401 11.2898
10350 -218.935 6.74299 12.0452
10400 -219.124 7.21924 12.6602
10450 -219.316 7.67465 13.1342
10500 -219.506 8.09826 13.4715
10550 -219.691 8.47857 13.6789
10600 -219.87 8.80256 13.7671
10650 -220.04 9.05833 13.749
10700 -220.199 9.2344 13.6386
10750 -220.35 9.32034 13.451
10800 -220.491 9.30624 13.2002
10850 -220.625 9.18633 12.8982
10900 -220.754 8.95711 12.557
10950 -220.88 8.61647 12.184
11000 -221.007 8.16772 11.7829
11050 -221.137 7.61589 11.3559
11100 -221.273 6.97175 10.9015
11150 -221.416 6.24549 10.4132
11200 -221.569 5.45347 9.88345
11250 -221.73 4.61297 9.30289
11300 -221.901 3.74209 8.66017
11350 -222.077 2.86156 7.94528
11400 -222.259 1.9913 7.14542
11450 -222.44 1.15238 6.25461
11500 -222.617 0.36181 5.26539
11550 -222.784 -0.361749 4.17566
11600 -222.934 -1.00658 2.9868
11650 -223.062 -1.55688 1.70469
11700 -223.162 -2.0066 0.341081
11750 -223.225 -2.34993 -1.09014
11800 -223.248 -2.58425 -2.56949
11850 -223.224 -2.7122 -4.07312
11900 -223.15 -2.73508 -5.57604
11950 -223.023 -2.66376 -7.04858
12000 -222.842 -2.50628 -8.46216
