# Time-averaged data for fix fxOutput
# TimeStep c_0 c_2[1] c_2[2]
0 -220.909 -0.652959 -12.7492
50 -220.251 -1.29487 -12.7302
100 -219.719 -1.82543 -12.5025
150 -219.085 -2.41261 -11.9996
200 -218.48 -2.97257 -11.2759
250 -217.929 -3.50256 -10.3482
300 -217.421 -4.01373 -9.21933
350 -216.966 -4.50705 -7.916
400 -216.576 -4.9812 -6.46395
450 -216.257 -5.43967 -4.89033
500 -216.013 -5.88198 -3.22297
550 -215.849 -6.30751 -1.49223
600 -215.768 -6.71653 0.269765
650 -215.771 -7.10809 2.03268
700 -215.857 -7.47997 3.76495
750 -216.023 -7.83061 5.43677
800 -216.268 -8.15679 7.01767
850 -216.584 -8.45334 8.47839
900 -216.967 -8.71814 9.79561
950 -217.409 -8.94625 10.9419
1000 -217.901 -9.13391 11.8977
1050 -218.433 -9.27597 12.6432
1100 -218.995 -9.36929 13.1618
1150 -219.577 -9.41122 13.4432
1200 -220.166 -9.39726 13.4771
1250 -220.75 -9.32442 13.2614
1300 -221.318 -9.1932 12.7953
1350 -221.859 -9.00215 12.0856
1400 -222.361 -8.75115 11.1414
1450 -222.812 -8.4418 9.97921
1500 -223.205 -8.07659 8.62032
1550 -223.529 -7.65744 7.09057
1600 -223.777 -7.1889 5.42186
1650 -223.945 -6.67758 3.64843
1700 -224.029 -6.12581 1.809
1750 -224.026 -5.54157 -0.054078
1800 -223.937 -4.932 -1.89745
1850 -223.763 -4.30215 -3.67522
1900 -223.51 -3.66037 -5.34368
1950 -223.185 -3.01394 -6.86018
2000 -222.794 -2.36791 -8.18573
2050 -222.35 -1.73314 -9.28184
2100 -221.862 -1.11362 -10.1186
2150 -221.346 -0.516081 -10.6711
2200 -220.814 0.0545601 -10.9216
2250 -220.282 0.591592 -10.8603
2300 -219.766 1.09247 -10.4827
2350 -219.278 1.55134 -9.79742
2400 -218.835 1.96701 -8.81732
2450 -218.45 2.33626 -7.56431
2500 -218.135 2.65957 -6.06736
2550 -217.9 2.93433 -4.36249
2600 -217.756 3.16292 -2.49163
2650 -217.707 3.34497 -0.499488
2700 -217.76 3.48395 1.56428
2750 -217.915 3.57914 3.64812
2800 -218.173 3.63617 5.70171
2850 -218.53 3.6582 7.67399
2900 -218.981 3.64908 9.51623
2950 -219.518 3.61251 11.1827
3000 -220.132 3.55028 12.6331
3050 -220.81 3.47015 13.8319
3100 -221.539 3.37481 14.7485
3150 -222.306 3.26904 15.3612
3200 -223.093 3.1541 15.6531
3250 -223.886 3.03464 15.6165
3300 -224.668 2.9142 15.249
3350 -225.423 2.79334 14.5569
3400 -226.135 2.67471 13.5535
3450 -226.79 2.56074 12.2571
3500 -227.373 2.44931 10.6933
3550 -227.873 2.34295 8.89175
3600 -228.278 2.23991 6.88792
3650 -228.58 2.13904 4.72006
3700 -228.772 2.03998 2.43171
3750 -228.848 1.94358 0.0646658
3800 -228.807 1.84443 -2.33455
3850 -228.647 1.74575 -4.72046
3900 -228.371 1.64222 -7.04822
3950 -227.982 1.53733 -9.27328
4000 -227.487 1.42561 -11.3559
4050 -226.893 1.3139 -13.2566
4100 -226.21 1.19782 -14.9417
4150 -225.45 1.08346 -16.3803
4200 -224.625 0.969214 -17.5492
4250 -223.749 0.860763 -18.4284
4300 -222.836 0.759117 -19.0044
4350 -221.902 0.669425 -19.2713
4400 -220.963 0.598689 -19.2279
4450 -220.032 0.546547 -18.8783
4500 -219.125 0.521343 -18.2341
4550 -218.256 0.526627 -17.311
4600 -217.439 0.566076 -16.1309
4650 -216.686 0.642846 -14.7197
4700 -216.008 0.761482 -13.1062
4750 -215.414 0.92025 -11.3239
4800 -214.913 1.12405 -9.40584
4850 -214.509 1.36894 -7.39002
4900 -214.208 1.65619 -5.31257
4950 -214.013 1.97943 -3.21117
5000 -213.923 2.3376 -1.12174
5050 -213.937 2.72182 0.9199
5100 -214.054 3.12813 2.88016
5150 -214.267 3.54716 4.72739
5200 -214.57 3.97063 6.43425
5250 -214.958 4.39033 7.97326
5300 -215.419 4.79573 9.32326
5350 -215.945 5.17862 10.4644
5400 -216.524 5.52931 11.3817
5450 -217.146 5.84026 12.064
5500 -217.797 6.1031 12.503
5550 -218.466 6.31129 12.6944
5600 -219.139 6.46121 12.6391
5650 -219.805 6.54706 12.3415
5700 -220.45 6.56759 11.8092
5750 -221.063 6.52122 11.0542
5800 -221.634 6.40983 10.093
5850 -222.152 6.23602 8.94452
5900 -222.607 6.00197 7.633
5950 -222.992 5.7132 6.18481
6000 -223.302 5.37525 4.62959
6050 -223.53 4.9956 2.99866
6100 -223.674 4.57875 1.32717
6150 -223.731 4.13395 -0.350456
6200 -223.704 3.66639 -1.99818
6250 -223.594 3.18254 -3.58056
6300 -223.405 2.69038 -5.06299
6350 -223.142 2.19199 -6.41305
6400 -222.812 1.69373 -7.60009
6450 -222.426 1.19793 -8.59796
6500 -221.991 0.706196 -9.38379
6550 -221.521 0.219444 -9.93884
6600 -221.024 -0.26159 -10.251
6650 -220.515 -0.738667 -10.3126
6700 -220.005 -1.21255 -10.1211
6750 -219.507 -1.68552 -9.67998
6800 -219.033 -2.16084 -8.99781
6850 -218.594 -2.64115 -8.09
6900 -218.201 -3.12815 -6.97495
6950 -217.863 -3.62291 -5.67598
7000 -217.589 -4.12769 -4.22023
7050 -217.386 -4.64217 -2.63838
7100 -217.259 -5.16774 -0.963262
7150 -217.212 -5.70168 0.769549
7200 -217.247 -6.23962 2.52508
7250 -217.363 -6.77922 4.26771
7300 -217.561 -7.31428 5.96037
7350 -217.835 -7.84043 7.56843
7400 -218.182 -8.34873 9.05903
7450 -218.594 -8.8322 10.4013
7500 -219.066 -9.28313 11.5661
7550 -219.586 -9.6936 12.5296
7600 -220.145 -10.0544 13.2686
7650 -220.731 -10.3578 13.7671
7700 -221.334 -10.5983 14.0104
7750 -221.94 -10.7682 13.9908
7800 -222.538 -10.8632 13.704
7850 -223.115 -10.8789 13.1515
7900 -223.657 -10.8137 12.339
7950 -224.154 -10.6666 11.2794
8000 -224.595 -10.4382 9.9893
8050 -224.969 -10.1307 8.49135
8100 -225.267 -9.74761 6.81166
8150 -225.483 -9.29589 4.98317
8200 -225.609 -8.77809 3.04264
8250 -225.642 -8.20516 1.03018
8300 -225.58 -7.58092 -1.01185
8350 -225.424 -6.91772 -3.03912
8400 -225.175 -6.22172 -5.00558
8450 -224.837 -5.5037 -6.86512
8500 -224.417 -4.77 -8.57383
8550 -223.924 -4.03035 -10.0896
8600 -223.368 -3.29197 -11.376
8650 -222.762 -2.56139 -12.3977
8700 -222.118 -1.84484 -13.1283
8750 -221.452 -1.14673 -13.5475
8800 -220.777 -0.474907 -13.6419
8850 -220.113 0.171926 -13.4063
8900 -219.473 0.788639 -12.8431
8950 -218.873 1.37513 -11.963
9000 -218.327 1.9293 -10.7867
9050 -217.85 2.45305 -9.33993
9100 -217.454 2.94326 -7.65617
9150 -217.149 3.40522 -5.77477
9200 -216.944 3.83605 -3.74003
9250 -216.845 4.2391 -1.60134
9300 -216.855 4.61436 0.592229
9350 -216.975 4.96393 2.78787
9400 -217.205 5.28704 4.93443
9450 -217.541 5.58696 6.98067
9500 -217.975 5.86043 8.87998
9550 -218.501 6.1091 10.5879
9600 -219.107 6.33264 12.0663
9650 -219.781 6.52942 13.2818
9700 -220.509 6.69841 14.2067
9750 -221.276 6.83799 14.8219
9800 -222.067 6.94677 15.1143
9850 -222.864 7.02353 15.0784
9900 -223.652 7.06504 14.7155
9950 -224.415 7.07235 14.0341
10000 -225.136 7.04208 13.0489
10050 -225.801 6.97316 11.7811
10100 -226.398 6.86495 10.2575
10150 -226.912 6.71782 8.50932
10200 -227.334 6.53096 6.57202
10250 -227.656 6.30531 4.48352
10300 -227.871 6.04213 2.28607
10350 -227.973 5.7434 0.0225552
10400 -227.962 5.41048 -2.2642
10450 -227.835 5.04725 -4.5309
10500 -227.596 4.65679 -6.73511
10550 -227.249 4.24298 -8.83666
10600 -226.798 3.81051 -10.7967
10650 -226.252 3.3652 -12.5811
10700 -225.619 2.91095 -14.1591
10750 -224.912 2.45494 -15.5049
10800 -224.141 2.0026 -16.5966
10850 -223.32 1.55765 -17.418
10900 -222.461 1.12982 -17.958
10950 -221.58 0.720939 -18.2125
11000 -220.691 0.340668 -18.18
11050 -219.807 -0.00753048 -17.8667
11100 -218.942 -0.320565 -17.283
11150 -218.11 -0.592597 -16.4441
11200 -217.323 -0.819087 -15.3692
11250 -216.592 -1.0011 -14.0803
11300 -215.928 -1.13222 -12.6037
11350 -215.339 -1.21603 -10.9676
11400 -214.834 -1.24999 -9.20095
11450 -214.417 -1.23615 -7.33695
11500 -214.094 -1.17685 -5.40634
11550 -213.868 -1.07462 -3.44079
11600 -213.739 -0.934911 -1.47217
11650 -213.708 -0.76096 0.467656
11700 -213.773 -0.558727 2.35007
11750 -213.93 -0.333982 4.14609
11800 -214.174 -0.0945307 5.82965
11850 -214.5 0.155003 7.37568
11900 -214.9 0.407565 8.76219
11950 -215.366 0.656031 9.9689
12000 -215.888 0.895361 10.9791
