# Time-averaged data for fix fxOutput
# TimeStep c_0 c_2[1] c_2[2]
0 -220.909 -0.652959 -12.7492
50 -220.774 -0.784667 -12.1272
100 -220.703 -0.843575 -11.6064
150 -220.591 -0.876668 -11.0417
200 -220.487 -0.840221 -10.5215
250 -220.395 -0.747314 -10.0501
300 -220.303 -0.608704 -9.62151
350 -220.207 -0.426339 -9.24046
400 -220.106 -0.207418 -8.90826
450 -219.998 0.0400208 -8.62367
500 -219.881 0.303456 -8.38796
550 -219.754 0.577949 -8.19686
600 -219.616 0.85475 -8.04866
650 -219.466 1.12432 -7.93947
700 -219.305 1.38375 -7.86526
750 -219.133 1.62976 -7.82075
800 -218.95 1.85377 -7.80212
850 -218.756 2.05963 -7.80453
900 -218.552 2.24533 -7.82294
950 -218.34 2.41053 -7.8515
1000 -218.12 2.55757 -7.88668
1050 -217.893 2.68689 -7.92371
1100 -217.659 2.80176 -7.95786
1150 -217.42 2.90211 -7.98585
1200 -217.175 2.98888 -8.00429
1250 -216.927 3.06029 -8.0087
1300 -216.676 3.11515 -7.99675
1350 -216.423 3.15084 -7.96569
1400 -216.17 3.16225 -7.91277
1450 -215.917 3.14348 -7.83459
1500 -215.667 3.08711 -7.73036
1550 -215.422 2.98793 -7.5972
1600 -215.186 2.83801 -7.43333
1650 -214.96 2.63125 -7.23642
1700 -214.749 2.36151 -7.00455
1750 -214.555 2.02575 -6.73546
1800 -214.382 1.61931 -6.42776
1850 -214.235 1.14236 -6.07974
1900 -214.117 0.597211 -5.68989
1950 -214.032 -0.0106675 -5.2568
2000 -213.984 -0.674477 -4.77944
2050 -213.975 -1.38377 -4.25739
2100 -214.008 -2.12543 -3.68971
2150 -214.084 -2.88396 -3.07667
2200 -214.205 -3.64326 -2.41855
2250 -214.371 -4.38478 -1.71686
2300 -214.581 -5.09004 -0.973633
2350 -214.833 -5.7399 -0.191703
2400 -215.125 -6.31648 0.625975
2450 -215.454 -6.80352 1.4746
2500 -215.814 -7.18578 2.34911
2550 -216.202 -7.45202 3.24467
2600 -216.612 -7.59095 4.15402
2650 -217.036 -7.59935 5.07021
2700 -217.47 -7.47248 5.98549
2750 -217.907 -7.21309 6.8933
2800 -218.339 -6.82545 7.78406
2850 -218.762 -6.31385 8.65052
2900 -219.168 -5.69325 9.48427
2950 -219.552 -4.9733 10.2771
3000 -219.91 -4.16812 11.022
3050 -220.236 -3.29468 11.7116
3100 -220.528 -2.36775 12.3411
3150 -220.782 -1.40546 12.9046
3200 -220.996 -0.423423 13.399
3250 -221.168 0.565244 13.8208
3300 -221.298 1.54382 14.1682
3350 -221.385 2.49995 14.4422
3400 -221.43 3.42173 14.6433
3450 -221.434 4.29946 14.7744
3500 -221.398 5.12339 14.8398
3550 -221.324 5.88653 14.843
3600 -221.215 6.58204 14.7911
3650 -221.073 7.20307 14.6912
3700 -220.901 7.74494 14.5514
3750 -220.704 8.20189 14.3797
3800 -220.484 8.56828 14.1848
3850 -220.246 8.83975 13.9752
3900 -219.996 9.01153 13.7603
3950 -219.736 9.07759 13.5478
4000 -219.474 9.03365 13.3457
4050 -219.214 8.87382 13.16
4100 -218.962 8.59693 12.9972
4150 -218.725 8.19691 12.8621
4200 -218.509 7.67436 12.7573
4250 -218.32 7.02848 12.6847
4300 -218.165 6.26241 12.6449
4350 -218.048 5.38042 12.6357
4400 -217.977 4.39041 12.655
4450 -217.956 3.30392 12.6987
4500 -217.99 2.13438 12.7608
4550 -218.084 0.899263 12.8344
4600 -218.238 -0.382501 12.9116
4650 -218.455 -1.68911 12.9845
4700 -218.736 -2.99514 13.0442
4750 -219.08 -4.27445 13.0805
4800 -219.484 -5.5013 13.0843
4850 -219.945 -6.64903 13.0473
4900 -220.457 -7.69122 12.9603
4950 -221.015 -8.60547 12.8167
5000 -221.611 -9.36933 12.609
5050 -222.237 -9.96447 12.3336
5100 -222.882 -10.3773 11.9856
5150 -223.538 -10.598 11.5644
5200 -224.194 -10.6213 11.069
5250 -224.839 -10.4492 10.5019
5300 -225.464 -10.0847 9.86576
5350 -226.058 -9.54141 9.16695
5400 -226.612 -8.8317 8.41239
5450 -227.119 -7.97356 7.61043
5500 -227.571 -6.99257 6.77024
5550 -227.963 -5.91274 5.90467
5600 -228.289 -4.7596 5.02381
5650 -228.548 -3.55983 4.14128
5700 -228.738 -2.34258 3.26914
5750 -228.858 -1.13523 2.42049
5800 -228.91 0.0408904 1.60821
5850 -228.896 1.16198 0.841802
5900 -228.822 2.20597 0.13337
5950 -228.691 3.15986 -0.508297
6000 -228.508 4.01 -1.07529
6050 -228.28 4.7479 -1.56264
6100 -228.015 5.36514 -1.96566
6150 -227.717 5.86188 -2.28244
6200 -227.395 6.23808 -2.51408
6250 -227.056 6.49648 -2.6629
6300 -226.706 6.64292 -2.73309
6350 -226.351 6.68484 -2.73136
6400 -225.996 6.62996 -2.66622
6450 -225.648 6.4871 -2.54818
6500 -225.31 6.26631 -2.38821
6550 -224.987 5.97535 -2.19952
6600 -224.682 5.62462 -1.99522
6650 -224.397 5.22112 -1.78951
6700 -224.136 4.77406 -1.59693
6750 -223.9 4.28845 -1.43074
6800 -223.689 3.77366 -1.3046
6850 -223.506 3.23272 -1.23104
6900 -223.349 2.67506 -1.22158
6950 -223.219 2.10327 -1.286
7000 -223.115 1.52589 -1.43209
7050 -223.036 0.949744 -1.66601
7100 -222.981 0.379311 -1.99348
7150 -222.948 -0.174789 -2.41374
7200 -222.936 -0.707648 -2.92859
7250 -222.94 -1.20809 -3.53576
7300 -222.96 -1.66927 -4.22962
7350 -222.991 -2.08172 -5.00386
7400 -223.03 -2.4372 -5.85038
7450 -223.073 -2.72928 -6.75922
7500 -223.116 -2.95163 -7.7185
7550 -223.156 -3.09872 -8.71448
7600 -223.188 -3.16623 -9.7348
7650 -223.208 -3.15764 -10.7653
7700 -223.213 -3.07017 -11.7908
7750 -223.199 -2.91008 -12.7964
7800 -223.163 -2.68395 -13.7686
7850 -223.102 -2.40258 -14.6941
7900 -223.016 -2.07292 -15.5589
7950 -222.902 -1.71054 -16.3531
8000 -222.76 -1.33422 -17.0658
8050 -222.592 -0.950572 -17.689
8100 -222.399 -0.582344 -18.2151
8150 -222.183 -0.242117 -18.6396
8200 -221.946 0.0547029 -18.9587
8250 -221.693 0.299651 -19.1701
8300 -221.428 0.477845 -19.2749
8350 -221.156 0.583808 -19.2747
8400 -220.88 0.614577 -19.1728
8450 -220.607 0.567265 -18.9729
8500 -220.341 0.446301 -18.6826
8550 -220.087 0.25558 -18.3075
8600 -219.848 0.00448891 -17.8559
8650 -219.629 -0.296392 -17.3349
8700 -219.433 -0.633491 -16.7542
8750 -219.26 -0.990237 -16.1243
8800 -219.114 -1.35315 -15.4516
8850 -218.993 -1.70343 -14.7462
8900 -218.898 -2.02668 -14.0166
8950 -218.826 -2.30859 -13.272
9000 -218.777 -2.53563 -12.5186
9050 -218.746 -2.69795 -11.764
9100 -218.732 -2.78725 -11.014
9150 -218.73 -2.79716 -10.2751
9200 -218.736 -2.72829 -9.55152
9250 -218.745 -2.58 -8.84756
9300 -218.755 -2.3564 -8.16611
9350 -218.761 -2.06397 -7.51027
9400 -218.76 -1.71045 -6.8819
9450 -218.749 -1.30826 -6.28324
9500 -218.725 -0.865596 -5.71424
9550 -218.686 -0.397342 -5.17594
9600 -218.631 0.0875687 -4.66877
9650 -218.559 0.576596 -4.19226
9700 -218.469 1.06116 -3.74716
9750 -218.362 1.53125 -3.33257
9800 -218.238 1.98006 -2.948
9850 -218.098 2.40228 -2.59276
9900 -217.943 2.79215 -2.26603
9950 -217.773 3.14947 -1.96753
10000 -217.591 3.4729 -1.69643
10050 -217.398 3.76223 -1.45092
10100 -217.193 4.01776 -1.23061
10150 -216.98 4.24057 -1.03432
10200 -216.76 4.4323 -0.858979
10250 -216.533 4.59214 -0.703608
10300 -216.301 4.71942 -0.565743
10350 -216.065 4.81469 -0.442483
10400 -215.827 4.8728 -0.329928
10450 -215.589 4.89105 -0.225695
10500 -215.352 4.8644 -0.125525
10550 -215.119 4.78647 -0.024945
10600 -214.892 4.65155 0.0806012
10650 -214.675 4.45169 0.195988
10700 -214.47 4.1822 0.325438
10750 -214.283 3.83561 0.474739
10800 -214.116 3.40894 0.648212
10850 -213.973 2.89885 0.8513
10900 -213.861 2.30487 1.08826
10950 -213.782 1.62901 1.36218
11000 -213.742 0.877613 1.67784
11050 -213.743 0.0574185 2.03705
11100 -213.791 -0.82007 2.44329
11150 -213.887 -1.74043 2.89525
11200 -214.033 -2.6874 3.39521
11250 -214.233 -3.64264 3.94089
11300 -214.486 -4.58541 4.53116
11350 -214.79 -5.49355 5.16202
11400 -215.146 -6.34634 5.82925
11450 -215.55 -7.12178 6.52795
11500 -215.998 -7.80033 7.25169
11550 -216.485 -8.36146 7.99231
11600 -217.006 -8.79202 8.74276
11650 -217.554 -9.07737 9.49421
11700 -218.122 -9.20856 10.2376
11750 -218.702 -9.18042 10.9642
11800 -219.285 -8.99115 11.665
11850 -219.865 -8.64392 12.3304
11900 -220.433 -8.14476 12.9523
11950 -220.981 -7.50506 13.5233
12000 -221.502 -6.73494 14.0366
