# Time-averaged data for fix fxOutput
# TimeStep c_0 c_2[1] c_2[2]
0 -220.909 -0.652959 -12.7492
50 -220.403 -1.11872 -13.1462
100 -219.977 -1.50021 -13.3628
150 -219.432 -1.89344 -13.4638
200 -218.876 -2.24455 -13.421
250 -218.329 -2.53853 -13.2314
300 -217.779 -2.7711 -12.8953
350 -217.234 -2.93693 -12.4192
400 -216.703 -3.03036 -11.8068
450 -216.195 -3.04697 -11.0635
500 -215.716 -2.98292 -10.1967
550 -215.272 -2.83746 -9.21447
600 -214.872 -2.61059 -8.12549
650 -214.521 -2.30203 -6.94075
700 -214.224 -1.91617 -5.67091
750 -213.989 -1.45437 -4.32926
800 -213.819 -0.923411 -2.93039
850 -213.719 -0.329791 -1.48865
900 -213.692 0.319775 -0.0207805
950 -213.74 1.01588 1.45714
1000 -213.865 1.74826 2.92546
1050 -214.068 2.50566 4.36603
1100 -214.347 3.27843 5.75925
1150 -214.701 4.05455 7.08687
1200 -215.128 4.81983 8.32795
1250 -215.623 5.56351 9.46355
1300 -216.182 6.27348 10.4766
1350 -216.797 6.9392 11.349
1400 -217.464 7.54879 12.0658
1450 -218.173 8.09308 12.6131
1500 -218.915 8.56424 12.981
1550 -219.683 8.95331 13.159
1600 -220.466 9.25716 13.1415
1650 -221.254 9.47081 12.9263
1700 -222.036 9.59276 12.5136
1750 -222.804 9.62087 11.9061
1800 -223.546 9.55934 11.1103
1850 -224.253 9.40947 10.1361
1900 -224.917 9.17609 8.99588
1950 -225.528 8.86524 7.70341
2000 -226.079 8.48475 6.27716
2050 -226.563 8.04288 4.73611
2100 -226.976 7.54827 3.10007
2150 -227.31 7.01131 1.39109
2200 -227.565 6.4407 -0.368258
2250 -227.737 5.84863 -2.15353
2300 -227.825 5.24429 -3.94432
2350 -227.828 4.6378 -5.71655
2400 -227.749 4.03902 -7.44787
2450 -227.59 3.4558 -9.11868
2500 -227.353 2.89773 -10.7084
2550 -227.043 2.37307 -12.199
2600 -226.665 1.8876 -13.5726
2650 -226.224 1.4482 -14.8159
2700 -225.728 1.06106 -15.9138
2750 -225.183 0.728093 -16.8543
2800 -224.598 0.455672 -17.6289
2850 -223.98 0.245787 -18.2277
2900 -223.338 0.0964954 -18.6448
2950 -222.681 0.0144684 -18.876
3000 -222.017 -0.00184602 -18.9179
3050 -221.356 0.0435997 -18.7705
3100 -220.706 0.151071 -18.4339
3150 -220.075 0.320523 -17.9115
3200 -219.474 0.543302 -17.2078
3250 -218.909 0.814916 -16.3295
3300 -218.388 1.13305 -15.2864
3350 -217.918 1.48845 -14.0881
3400 -217.506 1.87121 -12.7476
3450 -217.157 2.27568 -11.2797
3500 -216.876 2.69014 -9.70028
3550 -216.667 3.10442 -8.02752
3600 -216.533 3.50743 -6.27996
3650 -216.474 3.88843 -4.4788
3700 -216.492 4.23497 -2.64555
3750 -216.586 4.53554 -0.80146
3800 -216.754 4.77952 1.03123
3850 -216.994 4.9556 2.82996
3900 -217.301 5.05568 4.57353
3950 -217.669 5.07097 6.24155
4000 -218.094 4.99401 7.81481
4050 -218.568 4.82135 9.27561
4100 -219.082 4.54987 10.609
4150 -219.631 4.17795 11.8012
4200 -220.203 3.70886 12.8419
4250 -220.791 3.14466 13.7227
4300 -221.386 2.49272 14.4384
4350 -221.979 1.7612 14.9872
4400 -222.562 0.961125 15.3682
4450 -223.125 0.105755 15.5836
4500 -223.663 -0.793121 15.6394
4550 -224.167 -1.71728 15.5419
4600 -224.633 -2.65279 15.2996
4650 -225.055 -3.58186 14.9224
4700 -225.43 -4.486 14.4214
4750 -225.753 -5.35148 13.8084
4800 -226.024 -6.16118 13.0949
4850 -226.241 -6.89809 12.2939
4900 -226.403 -7.55144 11.4161
4950 -226.512 -8.10896 10.4746
5000 -226.569 -8.56006 9.47925
5050 -226.577 -8.90029 8.44038
5100 -226.538 -9.12144 7.3688
5150 -226.454 -9.22337 6.27334
5200 -226.331 -9.207 5.1608
5250 -226.171 -9.07354 4.04131
5300 -225.978 -8.8279 2.92264
5350 -225.757 -8.4809 1.80994
5400 -225.51 -8.0377 0.713045
5450 -225.243 -7.51126 -0.362631
5500 -224.958 -6.91604 -1.40869
5550 -224.659 -6.26229 -2.41882
5600 -224.349 -5.56732 -3.38518
5650 -224.031 -4.8471 -4.29893
5700 -223.708 -4.11557 -5.15434
5750 -223.382 -3.38728 -5.94235
5800 -223.054 -2.67992 -6.65616
5850 -222.727 -2.00562 -7.28796
5900 -222.403 -1.38008 -7.83329
5950 -222.082 -0.814365 -8.283
6000 -221.766 -0.319685 -8.63446
6050 -221.455 0.0953421 -8.88312
6100 -221.15 0.418941 -9.02663
6150 -220.852 0.650707 -9.06272
6200 -220.56 0.780967 -8.99296
6250 -220.276 0.811959 -8.817
6300 -219.999 0.740606 -8.53858
6350 -219.729 0.568796 -8.16224
6400 -219.466 0.301654 -7.69279
6450 -219.21 -0.0573825 -7.1372
6500 -218.96 -0.496841 -6.50295
6550 -218.718 -1.01213 -5.79741
6600 -218.481 -1.58783 -5.02916
6650 -218.252 -2.21447 -4.20822
6700 -218.029 -2.87662 -3.34208
6750 -217.814 -3.55989 -2.43935
6800 -217.607 -4.25049 -1.50862
6850 -217.409 -4.92929 -0.558825
6900 -217.221 -5.58335 0.404051
6950 -217.045 -6.19391 1.37261
7000 -216.883 -6.75005 2.34042
7050 -216.736 -7.23359 3.30117
7100 -216.607 -7.63422 4.25064
7150 -216.5 -7.94017 5.18312
7200 -216.415 -8.14217 6.09295
7250 -216.358 -8.23376 6.97538
7300 -216.329 -8.20994 7.82508
7350 -216.333 -8.06786 8.63561
7400 -216.372 -7.80988 9.40099
7450 -216.448 -7.43861 10.1147
7500 -216.563 -6.95882 10.7689
7550 -216.719 -6.38087 11.3563
7600 -216.916 -5.71427 11.867
7650 -217.153 -4.97012 12.293
7700 -217.432 -4.16511 12.6252
7750 -217.749 -3.31399 12.8542
7800 -218.104 -2.43157 12.9718
7850 -218.491 -1.53711 12.9705
7900 -218.907 -0.64588 12.842
7950 -219.347 0.223984 12.5805
8000 -219.806 1.05833 12.1837
8050 -220.276 1.84239 11.6476
8100 -220.752 2.56127 10.9725
8150 -221.225 3.20541 10.1607
8200 -221.689 3.76429 9.21575
8250 -222.135 4.23226 8.14518
8300 -222.556 4.60135 6.95812
8350 -222.945 4.87167 5.66567
8400 -223.295 5.04054 4.2812
8450 -223.599 5.11295 2.82112
8500 -223.851 5.08911 1.30126
8550 -224.046 4.97682 -0.259315
8600 -224.181 4.78388 -1.84167
8650 -224.253 4.51753 -3.42605
8700 -224.259 4.18783 -4.99231
8750 -224.197 3.80542 -6.52167
8800 -224.07 3.38254 -7.99324
8850 -223.875 2.92795 -9.39049
8900 -223.617 2.4556 -10.6954
8950 -223.299 1.97501 -11.8923
9000 -222.923 1.49921 -12.967
9050 -222.495 1.03685 -13.9072
9100 -222.022 0.597635 -14.7008
9150 -221.508 0.19152 -15.3409
9200 -220.961 -0.174607 -15.8194
9250 -220.388 -0.490951 -16.1305
9300 -219.796 -0.755281 -16.2719
9350 -219.194 -0.96028 -16.2415
9400 -218.591 -1.10183 -16.0382
9450 -217.993 -1.17512 -15.6655
9500 -217.41 -1.18031 -15.127
9550 -216.85 -1.11398 -14.4261
9600 -216.321 -0.978769 -13.5705
9650 -215.83 -0.771517 -12.5686
9700 -215.385 -0.495023 -11.4301
9750 -214.993 -0.154042 -10.1666
9800 -214.661 0.249965 -8.79076
9850 -214.395 0.712202 -7.3177
9900 -214.198 1.22439 -5.76308
9950 -214.077 1.78248 -4.14432
10000 -214.033 2.37746 -2.47982
10050 -214.07 3.00131 -0.790832
10100 -214.189 3.64453 0.903161
10150 -214.389 4.2963 2.58064
10200 -214.672 4.94719 4.21861
10250 -215.033 5.58593 5.79604
10300 -215.471 6.20245 7.29043
10350 -215.981 6.78419 8.68092
10400 -216.558 7.32168 9.94792
10450 -217.194 7.80545 11.071
10500 -217.884 8.22511 12.0353
10550 -218.617 8.57349 12.8248
10600 -219.387 8.84375 13.4278
10650 -220.182 9.0294 13.8344
10700 -220.992 9.12777 14.0393
10750 -221.809 9.13534 14.0376
10800 -222.62 9.05251 13.8312
10850 -223.416 8.88029 13.4213
10900 -224.187 8.62099 12.8159
10950 -224.922 8.2798 12.0232
11000 -225.613 7.86359 11.0557
11050 -226.251 7.3776 9.92809
11100 -226.828 6.83254 8.65686
11150 -227.338 6.23654 7.26035
11200 -227.776 5.60225 5.75913
11250 -228.136 4.93924 4.1732
11300 -228.416 4.25746 2.52393
11350 -228.613 3.56923 0.834838
11400 -228.726 2.88913 -0.875555
11450 -228.754 2.22259 -2.5822
11500 -228.7 1.58388 -4.26745
11550 -228.566 0.981058 -5.91071
11600 -228.354 0.419873 -7.49317
11650 -228.07 -0.0850723 -8.99751
11700 -227.718 -0.532711 -10.4091
11750 -227.302 -0.91508 -11.7111
11800 -226.832 -1.22608 -12.8922
11850 -226.313 -1.46694 -13.9406
11900 -225.751 -1.634 -14.8443
11950 -225.157 -1.72195 -15.5966
12000 -224.538 -1.73875 -16.1891
