# Time-averaged data for fix fxOutput
# TimeStep c_0 c_2[1] c_2[2]
0 -220.909 -0.652959 -12.7492
50 -220.295 -1.23748 -12.9433
100 -219.786 -1.72399 -12.926
150 -219.158 -2.25094 -12.6957
200 -218.537 -2.74469 -12.2682
250 -217.945 -3.19552 -11.6533
300 -217.372 -3.60558 -10.8538
350 -216.826 -3.96958 -9.88906
400 -216.32 -4.28315 -8.77684
450 -215.86 -4.54101 -7.53524
500 -215.45 -4.73968 -6.18396
550 -215.1 -4.87695 -4.74488
600 -214.812 -4.95021 -3.23972
650 -214.591 -4.95612 -1.68975
700 -214.44 -4.89555 -0.118954
750 -214.36 -4.76669 1.45241
800 -214.353 -4.57172 2.99904
850 -214.419 -4.31397 4.50145
900 -214.557 -3.99464 5.93738
950 -214.765 -3.61924 7.28639
1000 -215.039 -3.1938 8.52863
1050 -215.375 -2.7247 9.64545
1100 -215.769 -2.22069 10.6196
1150 -216.214 -1.68861 11.4351
1200 -216.704 -1.13852 12.0785
1250 -217.231 -0.582524 12.5382
1300 -217.785 -0.0270861 12.8033
1350 -218.36 0.514421 12.8688
1400 -218.945 1.03474 12.7302
1450 -219.531 1.52324 12.3881
1500 -220.107 1.97136 11.8446
1550 -220.665 2.37269 11.1081
1600 -221.194 2.71873 10.1885
1650 -221.686 3.00489 9.09978
1700 -222.132 3.22719 7.86064
1750 -222.524 3.38244 6.4912
1800 -222.856 3.46922 5.01702
1850 -223.122 3.48681 3.46281
1900 -223.318 3.43667 1.85882
1950 -223.441 3.32043 0.233667
2000 -223.488 3.1429 -1.38119
2050 -223.461 2.90339 -2.95711
2100 -223.358 2.61039 -4.46275
2150 -223.185 2.26694 -5.87141
2200 -222.943 1.87825 -7.15632
2250 -222.638 1.45031 -8.29515
2300 -222.278 0.988462 -9.26733
2350 -221.866 0.499202 -10.0566
2400 -221.413 -0.0139756 -10.6512
2450 -220.927 -0.543653 -11.0419
2500 -220.415 -1.08427 -11.2255
2550 -219.888 -1.6309 -11.2006
2600 -219.354 -2.17677 -10.9711
2650 -218.821 -2.718 -10.5446
2700 -218.3 -3.24833 -9.93131
2750 -217.798 -3.76087 -9.14487
2800 -217.323 -4.25125 -8.201
2850 -216.882 -4.71365 -7.11665
2900 -216.481 -5.14161 -5.91265
2950 -216.127 -5.5288 -4.60835
3000 -215.824 -5.871 -3.22511
3050 -215.578 -6.16354 -1.78569
3100 -215.389 -6.39877 -0.310721
3150 -215.262 -6.57539 1.17646
3200 -215.197 -6.68873 2.65667
3250 -215.196 -6.73629 4.10678
3300 -215.258 -6.71502 5.50813
3350 -215.381 -6.62642 6.84045
3400 -215.566 -6.47019 8.08591
3450 -215.807 -6.24724 9.22577
3500 -216.102 -5.96194 10.2452
3550 -216.446 -5.61823 11.1268
3600 -216.834 -5.22225 11.8578
3650 -217.26 -4.78067 12.4264
3700 -217.718 -4.30021 12.8205
3750 -218.201 -3.79118 13.0337
3800 -218.701 -3.26192 13.0597
3850 -219.209 -2.71959 12.8941
3900 -219.718 -2.17861 12.5386
3950 -220.219 -1.64352 11.9943
4000 -220.704 -1.12637 11.269
4050 -221.164 -0.634798 10.3711
4100 -221.591 -0.177189 9.31475
4150 -221.978 0.239343 8.11667
4200 -222.318 0.609136 6.79612
4250 -222.605 0.928716 5.37683
4300 -222.833 1.19081 3.88345
4350 -223 1.39381 2.34448
4400 -223.103 1.53744 0.786259
4450 -223.139 1.61896 -0.75878
4500 -223.109 1.64054 -2.26211
4550 -223.013 1.59907 -3.6953
4600 -222.855 1.49981 -5.02997
4650 -222.637 1.34355 -6.24036
4700 -222.365 1.13119 -7.30417
4750 -222.045 0.868773 -8.2012
4800 -221.682 0.55556 -8.9158
4850 -221.284 0.198662 -9.43561
4900 -220.859 -0.200687 -9.75244
4950 -220.415 -0.637276 -9.86363
5000 -219.96 -1.1078 -9.7685
5050 -219.503 -1.60695 -9.47272
5100 -219.051 -2.12925 -8.9848
5150 -218.614 -2.67112 -8.31512
5200 -218.197 -3.22583 -7.48008
5250 -217.807 -3.78795 -6.49532
5300 -217.452 -4.34967 -5.38139
5350 -217.135 -4.906 -4.15888
5400 -216.863 -5.44881 -2.84974
5450 -216.637 -5.97088 -1.47544
5500 -216.463 -6.46379 -0.0597939
5550 -216.341 -6.92133 1.37629
5600 -216.273 -7.33477 2.80941
5650 -216.259 -7.69879 4.22046
5700 -216.3 -8.00449 5.58689
5750 -216.394 -8.24807 6.89161
5800 -216.539 -8.4242 8.11544
5850 -216.734 -8.52754 9.24247
5900 -216.974 -8.55795 10.257
5950 -217.257 -8.51285 11.1448
6000 -217.578 -8.39183 11.8932
6050 -217.933 -8.1988 12.4902
6100 -218.316 -7.93409 12.9272
6150 -218.721 -7.60409 13.1957
6200 -219.142 -7.21458 13.2892
6250 -219.572 -6.77068 13.2052
6300 -220.005 -6.28309 12.9406
6350 -220.434 -5.75808 12.4974
6400 -220.851 -5.20563 11.8792
6450 -221.249 -4.63683 11.094
6500 -221.622 -4.05906 10.1506
6550 -221.963 -3.48213 9.06281
6600 -222.265 -2.91598 7.8472
6650 -222.524 -2.3688 6.52428
6700 -222.734 -1.8494 5.11437
6750 -222.892 -1.36269 3.64326
6800 -222.994 -0.917621 2.13823
6850 -223.039 -0.517445 0.626224
6900 -223.026 -0.170177 -0.862481
6950 -222.955 0.123288 -2.3007
7000 -222.829 0.359505 -3.6587
7050 -222.649 0.535352 -4.91011
7100 -222.419 0.649016 -6.02953
7150 -222.147 0.698977 -6.99564
7200 -221.835 0.686716 -7.78856
7250 -221.491 0.610255 -8.39303
7300 -221.123 0.472118 -8.79857
7350 -220.737 0.270183 -8.99731
7400 -220.342 0.0102703 -8.98853
7450 -219.945 -0.309108 -8.77327
7500 -219.554 -0.682506 -8.35678
7550 -219.176 -1.10914 -7.75102
7600 -218.82 -1.58373 -6.9691
7650 -218.49 -2.10201 -6.02713
7700 -218.193 -2.65681 -4.94592
7750 -217.933 -3.24424 -3.74682
7800 -217.715 -3.85741 -2.45208
7850 -217.542 -4.4861 -1.08637
7900 -217.417 -5.12365 0.326484
7950 -217.34 -5.76127 1.7614
8000 -217.313 -6.38906 3.19612
8050 -217.335 -6.9955 4.60664
8100 -217.405 -7.57391 5.97265
8150 -217.523 -8.11311 7.2731
8200 -217.684 -8.60287 8.49018
8250 -217.887 -9.03463 9.60646
8300 -218.128 -9.40097 10.6081
8350 -218.403 -9.69504 11.4799
8400 -218.709 -9.91201 12.2119
8450 -219.039 -10.0447 12.7938
8500 -219.39 -10.093 13.2165
8550 -219.756 -10.0555 13.4748
8600 -220.13 -9.93105 13.563
8650 -220.509 -9.72454 13.4789
8700 -220.886 -9.43843 13.2217
8750 -221.254 -9.07707 12.7932
8800 -221.608 -8.64797 12.1963
8850 -221.943 -8.15966 11.4376
8900 -222.252 -7.61875 10.5264
8950 -222.53 -7.037 9.4746
9000 -222.772 -6.42085 8.29662
9050 -222.973 -5.78436 7.00857
9100 -223.13 -5.1347 5.63227
9150 -223.239 -4.48202 4.18987
9200 -223.298 -3.83684 2.70492
9250 -223.304 -3.20794 1.20489
9300 -223.259 -2.6036 -0.282882
9350 -223.162 -2.03134 -1.73063
9400 -223.015 -1.50027 -3.10971
9450 -222.82 -1.01344 -4.3927
9500 -222.582 -0.57996 -5.55393
9550 -222.305 -0.203623 -6.56883
9600 -221.994 0.11059 -7.41727
9650 -221.657 0.360246 -8.081
9700 -221.299 0.540971 -8.54538
9750 -220.928 0.650571 -8.80289
9800 -220.553 0.68702 -8.84647
9850 -220.18 0.649318 -8.67563
9900 -219.817 0.537689 -8.29543
9950 -219.473 0.351 -7.71404
10000 -219.153 0.0902539 -6.94276
10050 -218.864 -0.241129 -5.99998
10100 -218.613 -0.640282 -4.90426
10150 -218.403 -1.10426 -3.67801
10200 -218.238 -1.62985 -2.34618
10250 -218.122 -2.2065 -0.933743
10300 -218.056 -2.82961 0.531993
10350 -218.041 -3.49178 2.02403
10400 -218.078 -4.18206 3.51618
10450 -218.164 -4.89171 4.98308
10500 -218.298 -5.60813 6.39996
10550 -218.477 -6.32219 7.74494
10600 -218.698 -7.0216 8.9972
10650 -218.957 -7.69242 10.1382
10700 -219.25 -8.32517 11.1519
10750 -219.57 -8.90808 12.0257
10800 -219.914 -9.43027 12.7468
10850 -220.274 -9.88413 13.307
10900 -220.647 -10.259 13.6998
10950 -221.026 -10.5478 13.9196
11000 -221.404 -10.7484 13.9636
11050 -221.778 -10.8549 13.8318
11100 -222.14 -10.8653 13.5245
11150 -222.485 -10.781 13.0461
11200 -222.809 -10.6036 12.4018
11250 -223.104 -10.3358 11.5981
11300 -223.369 -9.98381 10.6455
11350 -223.596 -9.55403 9.55607
11400 -223.783 -9.05371 8.34434
11450 -223.925 -8.49136 7.02678
11500 -224.02 -7.8782 5.62304
11550 -224.067 -7.22335 4.15227
11600 -224.061 -6.53566 2.64116
11650 -224.005 -5.82732 1.11289
11700 -223.897 -5.10952 -0.406204
11750 -223.738 -4.39028 -1.88835
11800 -223.532 -3.68023 -3.30653
11850 -223.281 -2.98989 -4.63229
11900 -222.989 -2.3276 -5.84063
11950 -222.661 -1.69959 -6.90637
12000 -222.304 -1.11728 -7.8077
