# Time-averaged data for fix fxOutput
# TimeStep c_0 c_2[1] c_2[2]
0 -220.909 -0.652959 -12.7492
50 -220.324 -1.20459 -13.0129
100 -219.836 -1.66143 -13.0743
150 -219.226 -2.15111 -12.9507
200 -218.617 -2.60429 -12.6454
250 -218.029 -3.00823 -12.1639
300 -217.452 -3.36346 -11.5094
350 -216.893 -3.6632 -10.6935
400 -216.366 -3.90179 -9.73293
450 -215.875 -4.07395 -8.64068
500 -215.427 -4.17504 -7.43166
550 -215.032 -4.20345 -6.12387
600 -214.692 -4.15464 -4.73559
650 -214.414 -4.02912 -3.28356
700 -214.202 -3.82468 -1.78885
750 -214.058 -3.54431 -0.269725
800 -213.988 -3.18913 1.25154
850 -213.991 -2.76457 2.75664
900 -214.068 -2.27465 4.2255
950 -214.22 -1.7267 5.63737
1000 -214.444 -1.12925 6.9706
1050 -214.739 -0.48954 8.20659
1100 -215.1 0.178953 9.3275
1150 -215.525 0.867187 10.3138
1200 -216.005 1.56279 11.1491
1250 -216.537 2.25444 11.8189
1300 -217.11 2.92845 12.31
1350 -217.718 3.57259 12.611
1400 -218.351 4.17661 12.7138
1450 -219 4.72907 12.6139
1500 -219.654 5.21912 12.3086
1550 -220.304 5.64007 11.7991
1600 -220.939 5.98582 11.0903
1650 -221.549 6.24847 10.1911
1700 -222.123 6.42607 9.11333
1750 -222.652 6.51622 7.87262
1800 -223.128 6.51975 6.48734
1850 -223.543 6.43682 4.97856
1900 -223.889 6.27094 3.37134
1950 -224.162 6.02955 1.69214
2000 -224.355 5.71448 -0.0338839
2050 -224.467 5.3368 -1.77689
2100 -224.496 4.90151 -3.50874
2150 -224.441 4.41874 -5.20108
2200 -224.303 3.89694 -6.82667
2250 -224.085 3.34554 -8.36063
2300 -223.79 2.77555 -9.77738
2350 -223.424 2.1939 -11.0569
2400 -222.992 1.61207 -12.1786
2450 -222.5 1.03642 -13.1278
2500 -221.958 0.479336 -13.8912
2550 -221.373 -0.054955 -14.4592
2600 -220.754 -0.556364 -14.8259
2650 -220.112 -1.01899 -14.987
2700 -219.454 -1.43503 -14.9437
2750 -218.793 -1.79879 -14.6973
2800 -218.136 -2.10454 -14.2543
2850 -217.495 -2.34797 -13.6227
2900 -216.877 -2.52397 -12.8125
2950 -216.293 -2.62951 -11.837
3000 -215.75 -2.66145 -10.7103
3050 -215.258 -2.61761 -9.44832
3100 -214.823 -2.49682 -8.06914
3150 -214.452 -2.29991 -6.59116
3200 -214.15 -2.0274 -5.03464
3250 -213.924 -1.68212 -3.42199
3300 -213.775 -1.26656 -1.77359
3350 -213.707 -0.786291 -0.112141
3400 -213.723 -0.247942 1.53889
3450 -213.822 0.341617 3.15597
3500 -214.004 0.973933 4.71581
3550 -214.267 1.63931 6.19598
3600 -214.608 2.3263 7.57341
3650 -215.023 3.02402 8.82667
3700 -215.506 3.72135 9.93447
3750 -216.051 4.40548 10.8792
3800 -216.65 5.06465 11.6437
3850 -217.294 5.68714 12.2132
3900 -217.973 6.26086 12.5764
3950 -218.678 6.77722 12.724
4000 -219.398 7.22619 12.6508
4050 -220.121 7.60046 12.3549
4100 -220.836 7.89371 11.8376
4150 -221.532 8.10053 11.1064
4200 -222.197 8.22027 10.1696
4250 -222.821 8.25027 9.04104
4300 -223.394 8.19261 7.73735
4350 -223.907 8.0488 6.27905
4400 -224.352 7.82461 4.68802
4450 -224.72 7.52379 2.99082
4500 -225.007 7.15507 1.21415
4550 -225.208 6.72406 -0.61252
4600 -225.32 6.24251 -2.46044
4650 -225.341 5.71715 -4.2997
4700 -225.273 5.15901 -6.10028
4750 -225.114 4.57712 -7.834
4800 -224.869 3.98343 -9.47464
4850 -224.543 3.38399 -10.9965
4900 -224.14 2.79132 -12.3766
4950 -223.667 2.21202 -13.5943
5000 -223.131 1.65647 -14.6336
5050 -222.541 1.13063 -15.4799
5100 -221.906 0.643154 -16.1223
5150 -221.236 0.200015 -16.5522
5200 -220.542 -0.192768 -16.7643
5250 -219.833 -0.530181 -16.7593
5300 -219.12 -0.806394 -16.5375
5350 -218.415 -1.01904 -16.1039
5400 -217.727 -1.16214 -15.4652
5450 -217.067 -1.23495 -14.6314
5500 -216.444 -1.23573 -13.6153
5550 -215.868 -1.16189 -12.4316
5600 -215.347 -1.01348 -11.0963
5650 -214.89 -0.79229 -9.62794
5700 -214.503 -0.498368 -8.04691
5750 -214.193 -0.136467 -6.37568
5800 -213.965 0.290335 -4.63664
5850 -213.823 0.777861 -2.85403
5900 -213.769 1.31851 -1.05315
5950 -213.806 1.9056 0.739754
6000 -213.934 2.52944 2.49923
6050 -214.151 3.181 4.1987
6100 -214.455 3.85023 5.81269
6150 -214.842 4.52622 7.31553
6200 -215.308 5.19636 8.68381
6250 -215.846 5.8506 9.89476
6300 -216.448 6.47641 10.9279
6350 -217.106 7.06329 11.7652
6400 -217.809 7.59986 12.3916
6450 -218.548 8.07635 12.7945
6500 -219.31 8.48533 12.9651
6550 -220.085 8.81831 12.8982
6600 -220.86 9.07111 12.5939
6650 -221.623 9.23857 12.0535
6700 -222.362 9.31968 11.2857
6750 -223.066 9.31342 10.3002
6800 -223.723 9.2206 9.1126
6850 -224.323 9.04553 7.74062
6900 -224.856 8.79204 6.20646
6950 -225.315 8.46667 4.53437
7000 -225.691 8.07574 2.75059
7050 -225.98 7.62839 0.884556
7100 -226.177 7.13279 -1.03429
7150 -226.281 6.5986 -2.97586
7200 -226.288 6.03555 -4.90899
7250 -226.199 5.45401 -6.80307
7300 -226.018 4.86232 -8.62961
7350 -225.746 4.27226 -10.3602
7400 -225.388 3.68931 -11.9694
7450 -224.951 3.1264 -13.4335
7500 -224.441 2.5873 -14.7308
7550 -223.867 2.08125 -15.8434
7600 -223.238 1.61462 -16.7562
7650 -222.563 1.19259 -17.4566
7700 -221.852 0.822038 -17.9355
7750 -221.117 0.507795 -18.1876
7800 -220.368 0.252081 -18.2106
7850 -219.617 0.0588595 -18.0036
7900 -218.876 -0.0677169 -17.5705
7950 -218.153 -0.126742 -16.9189
8000 -217.462 -0.116518 -16.057
8050 -216.812 -0.0373112 -14.9982
8100 -216.213 0.112437 -13.7556
8150 -215.674 0.329809 -12.3474
8200 -215.204 0.614594 -10.7927
8250 -214.81 0.962261 -9.11339
8300 -214.498 1.37102 -7.33272
8350 -214.274 1.83397 -5.47516
8400 -214.141 2.34563 -3.56769
8450 -214.103 2.89835 -1.6379
8500 -214.161 3.48415 0.286191
8550 -214.315 4.09446 2.17539
8600 -214.564 4.71885 4.0014
8650 -214.903 5.34642 5.73619
8700 -215.33 5.96766 7.35194
8750 -215.838 6.57034 8.82295
8800 -216.419 7.14455 10.1245
8850 -217.067 7.6787 11.2357
8900 -217.77 8.16365 12.137
8950 -218.518 8.59036 12.8125
9000 -219.301 8.95064 13.2504
9050 -220.105 9.23782 13.4416
9100 -220.919 9.44718 13.3821
9150 -221.73 9.57455 13.0719
9200 -222.525 9.61967 12.5145
9250 -223.292 9.58044 11.7189
9300 -224.019 9.46032 10.6967
9350 -224.694 9.26224 9.46392
9400 -225.307 8.99096 8.04096
9450 -225.849 8.65243 6.4504
9500 -226.312 8.25354 4.71747
9550 -226.688 7.80239 2.86904
9600 -226.973 7.31003 0.936041
9650 -227.161 6.78317 -1.05137
9700 -227.252 6.23226 -3.06257
9750 -227.244 5.6669 -5.06681
9800 -227.138 5.0969 -7.03245
9850 -226.936 4.52856 -8.93104
9900 -226.641 3.97441 -10.7334
9950 -226.258 3.44076 -12.4137
10000 -225.796 2.93387 -13.9474
10050 -225.258 2.46155 -15.3131
10100 -224.656 2.02915 -16.4913
10150 -223.997 1.64378 -17.4658
10200 -223.293 1.30655 -18.2232
10250 -222.554 1.02293 -18.7527
10300 -221.791 0.795422 -19.0484
10350 -221.014 0.629234 -19.1051
10400 -220.237 0.524767 -18.9235
10450 -219.47 0.483824 -18.5055
10500 -218.725 0.505529 -17.8556
10550 -218.014 0.592914 -16.9836
10600 -217.346 0.744031 -15.9014
10650 -216.732 0.956673 -14.6232
10700 -216.182 1.23029 -13.1661
10750 -215.704 1.56032 -11.5502
10800 -215.306 1.94343 -9.79808
10850 -214.994 2.37426 -7.93485
10900 -214.774 2.8481 -5.98582
10950 -214.651 3.35736 -3.98031
11000 -214.625 3.89336 -1.94721
11050 -214.699 4.44839 0.0821083
11100 -214.873 5.01381 2.07771
11150 -215.143 5.57895 4.00844
11200 -215.508 6.13406 5.84474
11250 -215.961 6.66889 7.55639
11300 -216.498 7.17289 9.11679
11350 -217.108 7.63689 10.4998
11400 -217.784 8.05188 11.6826
11450 -218.516 8.40919 12.646
11500 -219.292 8.70123 13.3743
11550 -220.1 8.92362 13.8548
11600 -220.928 9.0706 14.079
11650 -221.763 9.14013 14.0431
11700 -222.592 9.13144 13.7485
11750 -223.401 9.0442 13.1992
11800 -224.18 8.88121 12.405
11850 -224.915 8.64514 11.3782
11900 -225.595 8.34312 10.1367
11950 -226.209 7.98028 8.70034
12000 -226.75 7.56478 7.09261
